0,0,20
0,1,24
0,2,15
0,3,3
0,4,4
0,5,22
0,6,13
0,7,19
0,8,14
0,9,21
0,10,11
0,11,6
0,12,2
0,13,10
0,14,16
0,15,8
0,16,5
0,17,23
0,18,25
0,19,1
0,20,17
0,21,9
0,22,7
0,23,18
0,24,12
1,0,21
1,1,11
1,2,5
1,3,23
1,4,9
1,5,8
1,6,16
1,7,17
1,8,6
1,9,2
1,10,19
1,11,7
1,12,12
1,13,25
1,14,24
1,15,15
1,16,10
1,17,18
1,18,4
1,19,20
1,20,14
1,21,3
1,22,1
1,23,22
1,24,13
2,0,19
2,1,7
2,2,10
2,3,12
2,4,1
2,5,5
2,6,18
2,7,3
2,8,23
2,9,11
2,10,22
2,11,8
2,12,4
2,13,15
2,14,21
2,15,14
2,16,6
2,17,9
2,18,13
2,19,17
2,20,25
2,21,2
2,22,20
2,23,16
2,24,24
3,0,14
3,1,8
3,2,17
3,3,16
3,4,13
3,5,15
3,6,24
3,7,4
3,8,12
3,9,25
3,10,5
3,11,20
3,12,9
3,13,18
3,14,1
3,15,7
3,16,3
3,17,2
3,18,22
3,19,19
3,20,21
3,21,23
3,22,11
3,23,6
3,24,10
4,0,25
4,1,18
4,2,22
4,3,6
4,4,2
4,5,7
4,6,1
4,7,10
4,8,20
4,9,9
4,10,3
4,11,23
4,12,14
4,13,17
4,14,13
4,15,11
4,16,16
4,17,12
4,18,21
4,19,24
4,20,15
4,21,5
4,22,19
4,23,4
4,24,8
5,0,15
5,1,14
5,2,21
5,3,17
5,4,24
5,5,11
5,6,5
5,7,20
5,8,9
5,9,13
5,10,6
5,11,2
5,12,16
5,13,7
5,14,25
5,15,19
5,16,22
5,17,3
5,18,8
5,19,4
5,20,10
5,21,1
5,22,18
5,23,12
5,24,23
6,0,23
6,1,12
6,2,20
6,3,7
6,4,18
6,5,25
6,6,6
6,7,16
6,8,17
6,9,4
6,10,14
6,11,9
6,12,19
6,13,3
6,14,15
6,15,10
6,16,24
6,17,1
6,18,2
6,19,21
6,20,13
6,21,22
6,22,8
6,23,11
6,24,5
7,0,5
7,1,22
7,2,4
7,3,9
7,4,25
7,5,2
7,6,19
7,7,12
7,8,24
7,9,10
7,10,8
7,11,1
7,12,20
7,13,23
7,14,17
7,15,13
7,16,11
7,17,6
7,18,18
7,19,15
7,20,3
7,21,7
7,22,21
7,23,14
7,24,16
8,0,11
8,1,3
8,2,1
8,3,10
8,4,8
8,5,18
8,6,23
8,7,14
8,8,15
8,9,7
8,10,4
8,11,5
8,12,21
8,13,13
8,14,22
8,15,17
8,16,25
8,17,16
8,18,9
8,19,12
8,20,24
8,21,20
8,22,6
8,23,19
8,24,2
9,0,2
9,1,13
9,2,6
9,3,19
9,4,16
9,5,3
9,6,21
9,7,1
9,8,22
9,9,8
9,10,18
9,11,12
9,12,11
9,13,24
9,14,10
9,15,20
9,16,14
9,17,5
9,18,7
9,19,23
9,20,9
9,21,17
9,22,15
9,23,25
9,24,4
10,0,8
10,1,10
10,2,3
10,3,1
10,4,17
10,5,21
10,6,11
10,7,13
10,8,18
10,9,23
10,10,25
10,11,4
10,12,24
10,13,22
10,14,19
10,15,6
10,16,15
10,17,14
10,18,20
10,19,2
10,20,12
10,21,16
10,22,9
10,23,5
10,24,7
11,0,22
11,1,2
11,2,25
11,3,14
11,4,23
11,5,4
11,6,17
11,7,15
11,8,3
11,9,12
11,10,21
11,11,16
11,12,5
11,13,6
11,14,7
11,15,9
11,16,8
11,17,10
11,18,24
11,19,18
11,20,19
11,21,11
11,22,13
11,23,20
11,24,1
12,0,16
12,1,21
12,2,24
12,3,11
12,4,5
12,5,20
12,6,7
12,7,22
12,8,19
12,9,6
12,10,12
12,11,10
12,12,1
12,13,9
12,14,8
12,15,25
12,16,13
12,17,17
12,18,23
12,19,3
12,20,18
12,21,14
12,22,4
12,23,2
12,24,15
13,0,6
13,1,15
13,2,7
13,3,13
13,4,12
13,5,14
13,6,9
13,7,2
13,8,1
13,9,16
13,10,17
13,11,3
13,12,23
13,13,20
13,14,18
13,15,4
13,16,21
13,17,19
13,18,11
13,19,5
13,20,8
13,21,24
13,22,22
13,23,10
13,24,25
14,0,18
14,1,4
14,2,9
14,3,20
14,4,19
14,5,10
14,6,8
14,7,24
14,8,25
14,9,5
14,10,13
14,11,14
14,12,15
14,13,2
14,14,11
14,15,1
14,16,7
14,17,22
14,18,12
14,19,16
14,20,6
14,21,21
14,22,23
14,23,17
14,24,3
15,0,17
15,1,20
15,2,12
15,3,8
15,4,3
15,5,16
15,6,4
15,7,23
15,8,13
15,9,22
15,10,10
15,11,24
15,12,25
15,13,11
15,14,5
15,15,2
15,16,9
15,17,21
15,18,1
15,19,6
15,20,7
15,21,19
15,22,14
15,23,15
15,24,18
16,0,7
16,1,9
16,2,16
16,3,18
16,4,22
16,5,12
16,6,10
16,7,25
16,8,11
16,9,24
16,10,2
16,11,19
16,12,17
16,13,1
16,14,6
16,15,3
16,16,23
16,17,13
16,18,15
16,19,14
16,20,20
16,21,4
16,22,5
16,23,8
16,24,21
17,0,13
17,1,19
17,2,23
17,3,15
17,4,11
17,5,6
17,6,2
17,7,7
17,8,8
17,9,14
17,10,20
17,11,21
17,12,18
17,13,12
17,14,4
17,15,5
17,16,17
17,17,24
17,18,16
17,19,25
17,20,1
17,21,10
17,22,3
17,23,9
17,24,22
18,0,4
18,1,1
18,2,14
18,3,24
18,4,21
18,5,19
18,6,15
18,7,9
18,8,5
18,9,20
18,10,23
18,11,22
18,12,7
18,13,16
18,14,3
18,15,12
18,16,18
18,17,8
18,18,10
18,19,11
18,20,2
18,21,6
18,22,25
18,23,13
18,24,17
19,0,10
19,1,25
19,2,2
19,3,5
19,4,6
19,5,17
19,6,3
19,7,18
19,8,21
19,9,1
19,10,9
19,11,15
19,12,13
19,13,8
19,14,14
19,15,22
19,16,4
19,17,20
19,18,19
19,19,7
19,20,23
19,21,12
19,22,16
19,23,24
19,24,11
20,0,12
20,1,17
20,2,8
20,3,4
20,4,15
20,5,13
20,6,20
20,7,6
20,8,16
20,9,19
20,10,7
20,11,25
20,12,22
20,13,14
20,14,2
20,15,21
20,16,1
20,17,11
20,18,3
20,19,10
20,20,5
20,21,18
20,22,24
20,23,23
20,24,9
21,0,3
21,1,5
21,2,19
21,3,25
21,4,7
21,5,23
21,6,22
21,7,8
21,8,10
21,9,18
21,10,16
21,11,13
21,12,6
21,13,21
21,14,20
21,15,24
21,16,2
21,17,4
21,18,17
21,19,9
21,20,11
21,21,15
21,22,12
21,23,1
21,24,14
22,0,9
22,1,23
22,2,13
22,3,21
22,4,10
22,5,1
22,6,14
22,7,11
22,8,2
22,9,3
22,10,24
22,11,18
22,12,8
22,13,5
22,14,12
22,15,16
22,16,19
22,17,15
22,18,6
22,19,22
22,20,4
22,21,25
22,22,17
22,23,7
22,24,20
23,0,24
23,1,16
23,2,11
23,3,2
23,4,20
23,5,9
23,6,25
23,7,5
23,8,4
23,9,15
23,10,1
23,11,17
23,12,3
23,13,19
23,14,23
23,15,18
23,16,12
23,17,7
23,18,14
23,19,13
23,20,22
23,21,8
23,22,10
23,23,21
23,24,6
24,0,1
24,1,6
24,2,18
24,3,22
24,4,14
24,5,24
24,6,12
24,7,21
24,8,7
24,9,17
24,10,15
24,11,11
24,12,10
24,13,4
24,14,9
24,15,23
24,16,20
24,17,25
24,18,5
24,19,8
24,20,16
24,21,13
24,22,2
24,23,3
24,24,19
