0,0,16
0,1,6
0,2,3
0,3,11
0,4,14
0,5,2
0,6,10
0,7,5
0,8,7
0,9,1
0,10,24
0,11,18
0,12,8
0,13,9
0,14,12
0,15,19
0,16,25
0,17,20
0,18,22
0,19,21
0,20,15
0,21,4
0,22,17
0,23,23
0,24,13
1,0,8
1,1,4
1,2,5
1,3,19
1,4,7
1,5,20
1,6,11
1,7,15
1,8,25
1,9,18
1,10,23
1,11,13
1,12,3
1,13,22
1,14,14
1,15,17
1,16,6
1,17,9
1,18,24
1,19,10
1,20,21
1,21,2
1,22,12
1,23,16
1,24,1
2,0,21
2,1,17
2,2,15
2,3,1
2,4,25
2,5,6
2,6,13
2,7,24
2,8,16
2,9,23
2,10,4
2,11,2
2,12,5
2,13,20
2,14,19
2,15,18
2,16,8
2,17,12
2,18,7
2,19,14
2,20,22
2,21,3
2,22,11
2,23,9
2,24,10
3,0,22
3,1,18
3,2,12
3,3,10
3,4,20
3,5,9
3,6,8
3,7,4
3,8,3
3,9,21
3,10,17
3,11,7
3,12,25
3,13,15
3,14,1
3,15,16
3,16,2
3,17,13
3,18,23
3,19,11
3,20,5
3,21,6
3,22,24
3,23,19
3,24,14
4,0,13
4,1,9
4,2,24
4,3,23
4,4,2
4,5,22
4,6,12
4,7,19
4,8,14
4,9,17
4,10,21
4,11,6
4,12,10
4,13,11
4,14,16
4,15,5
4,16,15
4,17,1
4,18,3
4,19,4
4,20,8
4,21,18
4,22,25
4,23,20
4,24,7
5,0,25
5,1,22
5,2,17
5,3,7
5,4,8
5,5,19
5,6,5
5,7,1
5,8,21
5,9,20
5,10,16
5,11,23
5,12,13
5,13,24
5,14,10
5,15,9
5,16,3
5,17,6
5,18,18
5,19,15
5,20,2
5,21,11
5,22,4
5,23,14
5,24,12
6,0,23
6,1,15
6,2,21
6,3,14
6,4,6
6,5,18
6,6,25
6,7,2
6,8,4
6,9,24
6,10,19
6,11,8
6,12,17
6,13,5
6,14,22
6,15,11
6,16,20
6,17,7
6,18,12
6,19,1
6,20,16
6,21,10
6,22,13
6,23,3
6,24,9
7,0,12
7,1,16
7,2,4
7,3,20
7,4,3
7,5,23
7,6,17
7,7,14
7,8,22
7,9,9
7,10,18
7,11,15
7,12,7
7,13,6
7,14,11
7,15,2
7,16,13
7,17,5
7,18,10
7,19,8
7,20,25
7,21,21
7,22,1
7,23,24
7,24,19
8,0,9
8,1,5
8,2,2
8,3,18
8,4,24
8,5,10
8,6,7
8,7,16
8,8,11
8,9,13
8,10,20
8,11,4
8,12,12
8,13,1
8,14,3
8,15,14
8,16,21
8,17,25
8,18,19
8,19,23
8,20,17
8,21,15
8,22,22
8,23,8
8,24,6
9,0,19
9,1,1
9,2,10
9,3,13
9,4,11
9,5,12
9,6,3
9,7,8
9,8,15
9,9,6
9,10,9
9,11,25
9,12,14
9,13,2
9,14,21
9,15,4
9,16,22
9,17,24
9,18,17
9,19,16
9,20,20
9,21,7
9,22,5
9,23,18
9,24,23
10,0,3
10,1,19
10,2,14
10,3,15
10,4,22
10,5,13
10,6,2
10,7,9
10,8,6
10,9,16
10,10,7
10,11,17
10,12,1
10,13,4
10,14,5
10,15,20
10,16,18
10,17,8
10,18,21
10,19,12
10,20,10
10,21,24
10,22,23
10,23,25
10,24,11
11,0,1
11,1,8
11,2,7
11,3,17
11,4,23
11,5,5
11,6,15
11,7,11
11,8,24
11,9,14
11,10,3
11,11,22
11,12,9
11,13,25
11,14,20
11,15,13
11,16,19
11,17,10
11,18,6
11,19,2
11,20,12
11,21,16
11,22,18
11,23,4
11,24,21
12,0,10
12,1,25
12,2,6
12,3,16
12,4,9
12,5,1
12,6,4
12,7,21
12,8,18
12,9,12
12,10,14
12,11,19
12,12,2
12,13,8
12,14,13
12,15,15
12,16,23
12,17,17
12,18,11
12,19,24
12,20,3
12,21,22
12,22,20
12,23,7
12,24,5
13,0,24
13,1,21
13,2,20
13,3,12
13,4,13
13,5,3
13,6,22
13,7,7
13,8,17
13,9,19
13,10,11
13,11,10
13,12,23
13,13,16
13,14,18
13,15,1
13,16,5
13,17,4
13,18,9
13,19,25
13,20,6
13,21,8
13,22,14
13,23,2
13,24,15
14,0,5
14,1,11
14,2,18
14,3,2
14,4,4
14,5,25
14,6,23
14,7,10
14,8,20
14,9,8
14,10,15
14,11,24
14,12,21
14,13,12
14,14,6
14,15,7
14,16,14
14,17,22
14,18,16
14,19,3
14,20,9
14,21,13
14,22,19
14,23,1
14,24,17
15,0,14
15,1,23
15,2,13
15,3,4
15,4,10
15,5,8
15,6,1
15,7,6
15,8,2
15,9,15
15,10,5
15,11,12
15,12,24
15,13,7
15,14,9
15,15,22
15,16,11
15,17,16
15,18,25
15,19,17
15,20,19
15,21,20
15,22,3
15,23,21
15,24,18
16,0,6
16,1,3
16,2,19
16,3,24
16,4,16
16,5,4
16,6,14
16,7,22
16,8,23
16,9,10
16,10,2
16,11,11
16,12,15
16,13,18
16,14,17
16,15,12
16,16,1
16,17,21
16,18,20
16,19,9
16,20,7
16,21,5
16,22,8
16,23,13
16,24,25
17,0,17
17,1,7
17,2,1
17,3,22
17,4,15
17,5,21
17,6,9
17,7,12
17,8,19
17,9,11
17,10,25
17,11,20
17,12,16
17,13,13
17,14,8
17,15,3
17,16,4
17,17,18
17,18,14
17,19,5
17,20,24
17,21,23
17,22,10
17,23,6
17,24,2
18,0,2
18,1,20
18,2,8
18,3,21
18,4,18
18,5,17
18,6,16
18,7,25
18,8,5
18,9,7
18,10,10
18,11,3
18,12,19
18,13,14
18,14,4
18,15,6
18,16,24
18,17,23
18,18,15
18,19,13
18,20,1
18,21,12
18,22,9
18,23,11
18,24,22
19,0,11
19,1,12
19,2,9
19,3,25
19,4,5
19,5,24
19,6,18
19,7,20
19,8,13
19,9,3
19,10,6
19,11,1
19,12,22
19,13,21
19,14,23
19,15,8
19,16,10
19,17,19
19,18,2
19,19,7
19,20,4
19,21,14
19,22,15
19,23,17
19,24,16
20,0,18
20,1,24
20,2,25
20,3,3
20,4,17
20,5,16
20,6,6
20,7,23
20,8,8
20,9,2
20,10,13
20,11,5
20,12,4
20,13,19
20,14,15
20,15,21
20,16,12
20,17,11
20,18,1
20,19,22
20,20,14
20,21,9
20,22,7
20,23,10
20,24,20
21,0,20
21,1,13
21,2,22
21,3,8
21,4,1
21,5,11
21,6,21
21,7,17
21,8,10
21,9,4
21,10,12
21,11,9
21,12,6
21,13,23
21,14,7
21,15,24
21,16,16
21,17,14
21,18,5
21,19,19
21,20,18
21,21,25
21,22,2
21,23,15
21,24,3
22,0,4
22,1,10
22,2,16
22,3,9
22,4,21
22,5,7
22,6,19
22,7,13
22,8,12
22,9,25
22,10,22
22,11,14
22,12,18
22,13,3
22,14,2
22,15,23
22,16,17
22,17,15
22,18,8
22,19,20
22,20,11
22,21,1
22,22,6
22,23,5
22,24,24
23,0,15
23,1,2
23,2,23
23,3,5
23,4,19
23,5,14
23,6,20
23,7,18
23,8,9
23,9,22
23,10,1
23,11,21
23,12,11
23,13,10
23,14,24
23,15,25
23,16,7
23,17,3
23,18,4
23,19,6
23,20,13
23,21,17
23,22,16
23,23,12
23,24,8
24,0,7
24,1,14
24,2,11
24,3,6
24,4,12
24,5,15
24,6,24
24,7,3
24,8,1
24,9,5
24,10,8
24,11,16
24,12,20
24,13,17
24,14,25
24,15,10
24,16,9
24,17,2
24,18,13
24,19,18
24,20,23
24,21,19
24,22,21
24,23,22
24,24,4
