0,0,3
0,1,2
0,2,14
0,3,7
0,4,9
0,5,10
0,6,20
0,7,16
0,8,12
0,9,21
0,10,25
0,11,19
0,12,4
0,13,18
0,14,15
0,15,1
0,16,11
0,17,5
0,18,13
0,19,17
0,20,8
0,21,6
0,22,22
0,23,24
0,24,23
1,0,6
1,1,8
1,2,11
1,3,22
1,4,1
1,5,23
1,6,15
1,7,9
1,8,7
1,9,13
1,10,12
1,11,20
1,12,3
1,13,2
1,14,17
1,15,10
1,16,24
1,17,14
1,18,16
1,19,25
1,20,5
1,21,21
1,22,19
1,23,4
1,24,18
2,0,16
2,1,17
2,2,19
2,3,25
2,4,15
2,5,22
2,6,24
2,7,5
2,8,11
2,9,3
2,10,21
2,11,13
2,12,23
2,13,14
2,14,6
2,15,7
2,16,9
2,17,8
2,18,18
2,19,4
2,20,10
2,21,12
2,22,20
2,23,1
2,24,2
3,0,20
3,1,12
3,2,24
3,3,5
3,4,13
3,5,4
3,6,6
3,7,17
3,8,18
3,9,8
3,10,10
3,11,7
3,12,1
3,13,9
3,14,22
3,15,23
3,16,15
3,17,2
3,18,19
3,19,21
3,20,3
3,21,11
3,22,14
3,23,25
3,24,16
4,0,23
4,1,18
4,2,10
4,3,4
4,4,21
4,5,1
4,6,2
4,7,14
4,8,25
4,9,19
4,10,16
4,11,24
4,12,8
4,13,5
4,14,11
4,15,12
4,16,3
4,17,22
4,18,20
4,19,6
4,20,13
4,21,17
4,22,15
4,23,7
4,24,9
5,0,14
5,1,13
5,2,20
5,3,1
5,4,19
5,5,3
5,6,5
5,7,2
5,8,8
5,9,17
5,10,24
5,11,10
5,12,25
5,13,6
5,14,12
5,15,21
5,16,23
5,17,15
5,18,11
5,19,7
5,20,4
5,21,16
5,22,18
5,23,9
5,24,22
6,0,2
6,1,22
6,2,15
6,3,3
6,4,12
6,5,18
6,6,23
6,7,20
6,8,9
6,9,7
6,10,13
6,11,16
6,12,5
6,13,21
6,14,19
6,15,4
6,16,1
6,17,25
6,18,17
6,19,24
6,20,14
6,21,8
6,22,11
6,23,10
6,24,6
7,0,11
7,1,7
7,2,8
7,3,9
7,4,5
7,5,13
7,6,1
7,7,25
7,8,16
7,9,12
7,10,17
7,11,15
7,12,14
7,13,4
7,14,23
7,15,2
7,16,10
7,17,18
7,18,6
7,19,22
7,20,19
7,21,3
7,22,24
7,23,20
7,24,21
8,0,4
8,1,21
8,2,17
8,3,16
8,4,6
8,5,11
8,6,10
8,7,15
8,8,24
8,9,14
8,10,18
8,11,2
8,12,22
8,13,20
8,14,8
8,15,9
8,16,13
8,17,19
8,18,3
8,19,12
8,20,25
8,21,5
8,22,1
8,23,23
8,24,7
9,0,25
9,1,23
9,2,18
9,3,24
9,4,10
9,5,19
9,6,4
9,7,21
9,8,6
9,9,22
9,10,11
9,11,3
9,12,9
9,13,1
9,14,7
9,15,5
9,16,16
9,17,20
9,18,8
9,19,14
9,20,2
9,21,15
9,22,17
9,23,12
9,24,13
10,0,12
10,1,11
10,2,25
10,3,23
10,4,24
10,5,6
10,6,14
10,7,3
10,8,17
10,9,1
10,10,22
10,11,9
10,12,2
10,13,15
10,14,4
10,15,16
10,16,18
10,17,10
10,18,21
10,19,13
10,20,20
10,21,7
10,22,5
10,23,8
10,24,19
11,0,21
11,1,5
11,2,7
11,3,13
11,4,22
11,5,8
11,6,9
11,7,23
11,8,20
11,9,16
11,10,6
11,11,12
11,12,18
11,13,24
11,14,14
11,15,25
11,16,17
11,17,1
11,18,15
11,19,19
11,20,11
11,21,10
11,22,4
11,23,2
11,24,3
12,0,9
12,1,10
12,2,16
12,3,18
12,4,8
12,5,5
12,6,25
12,7,22
12,8,19
12,9,15
12,10,20
12,11,17
12,12,21
12,13,3
12,14,1
12,15,11
12,16,7
12,17,4
12,18,2
12,19,23
12,20,12
12,21,24
12,22,13
12,23,6
12,24,14
13,0,17
13,1,3
13,2,4
13,3,20
13,4,2
13,5,21
13,6,11
13,7,7
13,8,10
13,9,24
13,10,19
13,11,5
13,12,13
13,13,16
13,14,25
13,15,6
13,16,14
13,17,12
13,18,22
13,19,8
13,20,23
13,21,1
13,22,9
13,23,18
13,24,15
14,0,15
14,1,1
14,2,6
14,3,19
14,4,14
14,5,2
14,6,12
14,7,4
14,8,13
14,9,18
14,10,8
14,11,11
14,12,7
14,13,23
14,14,10
14,15,3
14,16,20
14,17,9
14,18,24
14,19,5
14,20,17
14,21,22
14,22,21
14,23,16
14,24,25
15,0,10
15,1,16
15,2,2
15,3,15
15,4,18
15,5,14
15,6,19
15,7,8
15,8,4
15,9,25
15,10,3
15,11,23
15,12,11
15,13,22
15,14,24
15,15,17
15,16,21
15,17,7
15,18,5
15,19,9
15,20,6
15,21,20
15,22,12
15,23,13
15,24,1
16,0,24
16,1,14
16,2,21
16,3,11
16,4,17
16,5,20
16,6,7
16,7,13
16,8,15
16,9,23
16,10,2
16,11,6
16,12,12
16,13,25
16,14,18
16,15,8
16,16,22
16,17,3
16,18,10
16,19,1
16,20,9
16,21,4
16,22,16
16,23,19
16,24,5
17,0,13
17,1,4
17,2,9
17,3,8
17,4,3
17,5,12
17,6,22
17,7,24
17,8,2
17,9,10
17,10,1
17,11,14
17,12,16
17,13,19
17,14,5
17,15,20
17,16,25
17,17,6
17,18,23
17,19,15
17,20,21
17,21,18
17,22,7
17,23,11
17,24,17
18,0,7
18,1,19
18,2,5
18,3,12
18,4,20
18,5,9
18,6,16
18,7,1
18,8,21
18,9,6
18,10,15
18,11,4
18,12,17
18,13,10
18,14,13
18,15,24
18,16,2
18,17,11
18,18,14
18,19,18
18,20,22
18,21,25
18,22,23
18,23,3
18,24,8
19,0,1
19,1,25
19,2,22
19,3,6
19,4,23
19,5,17
19,6,18
19,7,11
19,8,3
19,9,5
19,10,7
19,11,21
19,12,20
19,13,8
19,14,9
19,15,19
19,16,12
19,17,13
19,18,4
19,19,16
19,20,24
19,21,14
19,22,2
19,23,15
19,24,10
20,0,18
20,1,15
20,2,1
20,3,14
20,4,7
20,5,25
20,6,21
20,7,10
20,8,23
20,9,11
20,10,5
20,11,8
20,12,24
20,13,12
20,14,20
20,15,13
20,16,19
20,17,17
20,18,9
20,19,3
20,20,16
20,21,2
20,22,6
20,23,22
20,24,4
21,0,8
21,1,20
21,2,12
21,3,21
21,4,4
21,5,16
21,6,13
21,7,19
21,8,1
21,9,2
21,10,9
21,11,18
21,12,6
21,13,17
21,14,3
21,15,22
21,16,5
21,17,24
21,18,7
21,19,10
21,20,15
21,21,23
21,22,25
21,23,14
21,24,11
22,0,19
22,1,6
22,2,13
22,3,10
22,4,16
22,5,24
22,6,17
22,7,12
22,8,5
22,9,4
22,10,14
22,11,22
22,12,15
22,13,7
22,14,2
22,15,18
22,16,8
22,17,23
22,18,25
22,19,11
22,20,1
22,21,9
22,22,3
22,23,21
22,24,20
23,0,22
23,1,9
23,2,3
23,3,17
23,4,25
23,5,7
23,6,8
23,7,6
23,8,14
23,9,20
23,10,23
23,11,1
23,12,19
23,13,11
23,14,21
23,15,15
23,16,4
23,17,16
23,18,12
23,19,2
23,20,18
23,21,13
23,22,10
23,23,5
23,24,24
24,0,5
24,1,24
24,2,23
24,3,2
24,4,11
24,5,15
24,6,3
24,7,18
24,8,22
24,9,9
24,10,4
24,11,25
24,12,10
24,13,13
24,14,16
24,15,14
24,16,6
24,17,21
24,18,1
24,19,20
24,20,7
24,21,19
24,22,8
24,23,17
24,24,12
