0,0,7
0,1,9
0,2,12
0,3,24
0,4,14
0,5,21
0,6,11
0,7,3
0,8,10
0,9,2
0,10,25
0,11,20
0,12,19
0,13,6
0,14,4
0,15,8
0,16,23
0,17,16
0,18,15
0,19,17
0,20,5
0,21,22
0,22,18
0,23,1
0,24,13
1,0,23
1,1,13
1,2,22
1,3,17
1,4,18
1,5,4
1,6,12
1,7,25
1,8,6
1,9,7
1,10,24
1,11,5
1,12,14
1,13,10
1,14,1
1,15,11
1,16,3
1,17,2
1,18,9
1,19,20
1,20,21
1,21,15
1,22,8
1,23,16
1,24,19
2,0,19
2,1,25
2,2,8
2,3,20
2,4,6
2,5,18
2,6,9
2,7,1
2,8,5
2,9,15
2,10,2
2,11,22
2,12,16
2,13,17
2,14,7
2,15,12
2,16,24
2,17,14
2,18,13
2,19,21
2,20,3
2,21,10
2,22,23
2,23,11
2,24,4
3,0,2
3,1,5
3,2,11
3,3,15
3,4,10
3,5,22
3,6,13
3,7,23
3,8,16
3,9,14
3,10,21
3,11,9
3,12,3
3,13,8
3,14,12
3,15,1
3,16,25
3,17,18
3,18,4
3,19,19
3,20,24
3,21,20
3,22,6
3,23,17
3,24,7
4,0,21
4,1,1
4,2,3
4,3,4
4,4,16
4,5,17
4,6,24
4,7,20
4,8,8
4,9,19
4,10,18
4,11,15
4,12,11
4,13,13
4,14,23
4,15,22
4,16,5
4,17,10
4,18,7
4,19,6
4,20,14
4,21,2
4,22,25
4,23,12
4,24,9
5,0,25
5,1,6
5,2,20
5,3,9
5,4,15
5,5,24
5,6,21
5,7,8
5,8,22
5,9,1
5,10,10
5,11,13
5,12,4
5,13,23
5,14,11
5,15,17
5,16,18
5,17,12
5,18,19
5,19,3
5,20,2
5,21,7
5,22,16
5,23,5
5,24,14
6,0,8
6,1,3
6,2,2
6,3,23
6,4,13
6,5,12
6,6,4
6,7,5
6,8,11
6,9,10
6,10,1
6,11,6
6,12,24
6,13,7
6,14,20
6,15,15
6,16,14
6,17,22
6,18,16
6,19,25
6,20,19
6,21,17
6,22,9
6,23,21
6,24,18
7,0,10
7,1,11
7,2,18
7,3,12
7,4,19
7,5,20
7,6,23
7,7,16
7,8,14
7,9,6
7,10,17
7,11,21
7,12,15
7,13,2
7,14,22
7,15,5
7,16,7
7,17,4
7,18,1
7,19,9
7,20,25
7,21,8
7,22,3
7,23,13
7,24,24
8,0,14
8,1,21
8,2,7
8,3,1
8,4,5
8,5,15
8,6,18
8,7,17
8,8,19
8,9,13
8,10,16
8,11,8
8,12,9
8,13,25
8,14,3
8,15,23
8,16,10
8,17,11
8,18,2
8,19,24
8,20,6
8,21,12
8,22,20
8,23,4
8,24,22
9,0,17
9,1,16
9,2,4
9,3,22
9,4,24
9,5,2
9,6,7
9,7,9
9,8,3
9,9,25
9,10,14
9,11,19
9,12,18
9,13,12
9,14,5
9,15,21
9,16,8
9,17,20
9,18,6
9,19,13
9,20,1
9,21,23
9,22,10
9,23,15
9,24,11
10,0,24
10,1,12
10,2,13
10,3,8
10,4,4
10,5,9
10,6,14
10,7,6
10,8,15
10,9,21
10,10,22
10,11,11
10,12,25
10,13,3
10,14,17
10,15,2
10,16,19
10,17,1
10,18,23
10,19,5
10,20,18
10,21,16
10,22,7
10,23,20
10,24,10
11,0,1
11,1,19
11,2,21
11,3,14
11,4,20
11,5,16
11,6,17
11,7,18
11,8,4
11,9,22
11,10,12
11,11,23
11,12,8
11,13,24
11,14,9
11,15,7
11,16,6
11,17,15
11,18,10
11,19,11
11,20,13
11,21,3
11,22,5
11,23,2
11,24,25
12,0,9
12,1,7
12,2,16
12,3,18
12,4,3
12,5,23
12,6,2
12,7,10
12,8,25
12,9,5
12,10,13
12,11,1
12,12,20
12,13,15
12,14,14
12,15,24
12,16,22
12,17,8
12,18,17
12,19,4
12,20,12
12,21,11
12,22,21
12,23,19
12,24,6
13,0,22
13,1,15
13,2,25
13,3,6
13,4,23
13,5,11
13,6,8
13,7,13
13,8,7
13,9,12
13,10,5
13,11,10
13,12,2
13,13,18
13,14,19
13,15,14
13,16,20
13,17,3
13,18,21
13,19,16
13,20,4
13,21,9
13,22,1
13,23,24
13,24,17
14,0,5
14,1,2
14,2,10
14,3,11
14,4,17
14,5,19
14,6,20
14,7,24
14,8,1
14,9,3
14,10,4
14,11,16
14,12,7
14,13,21
14,14,6
14,15,25
14,16,13
14,17,9
14,18,18
14,19,12
14,20,23
14,21,14
14,22,22
14,23,8
14,24,15
15,0,4
15,1,14
15,2,17
15,3,21
15,4,9
15,5,1
15,6,22
15,7,7
15,8,12
15,9,23
15,10,8
15,11,25
15,12,6
15,13,5
15,14,2
15,15,3
15,16,15
15,17,24
15,18,11
15,19,18
15,20,16
15,21,13
15,22,19
15,23,10
15,24,20
16,0,20
16,1,22
16,2,6
16,3,2
16,4,1
16,5,10
16,6,3
16,7,11
16,8,24
16,9,9
16,10,19
16,11,12
16,12,23
16,13,4
16,14,18
16,15,13
16,16,16
16,17,25
16,18,14
16,19,8
16,20,17
16,21,21
16,22,15
16,23,7
16,24,5
17,0,13
17,1,18
17,2,5
17,3,10
17,4,25
17,5,14
17,6,15
17,7,21
17,8,20
17,9,8
17,10,3
17,11,24
17,12,1
17,13,9
17,14,16
17,15,19
17,16,2
17,17,17
17,18,22
17,19,7
17,20,11
17,21,4
17,22,12
17,23,6
17,24,23
18,0,3
18,1,8
18,2,15
18,3,16
18,4,7
18,5,6
18,6,19
18,7,4
18,8,18
18,9,17
18,10,20
18,11,14
18,12,13
18,13,11
18,14,10
18,15,9
18,16,21
18,17,5
18,18,12
18,19,23
18,20,22
18,21,24
18,22,2
18,23,25
18,24,1
19,0,12
19,1,24
19,2,23
19,3,19
19,4,11
19,5,25
19,6,5
19,7,2
19,8,13
19,9,16
19,10,7
19,11,17
19,12,21
19,13,22
19,14,15
19,15,4
19,16,1
19,17,6
19,18,20
19,19,10
19,20,9
19,21,18
19,22,14
19,23,3
19,24,8
20,0,18
20,1,20
20,2,24
20,3,5
20,4,12
20,5,13
20,6,6
20,7,22
20,8,17
20,9,11
20,10,15
20,11,2
20,12,10
20,13,14
20,14,21
20,15,16
20,16,9
20,17,19
20,18,8
20,19,1
20,20,7
20,21,25
20,22,4
20,23,23
20,24,3
21,0,6
21,1,17
21,2,14
21,3,3
21,4,21
21,5,5
21,6,25
21,7,15
21,8,23
21,9,20
21,10,9
21,11,7
21,12,12
21,13,1
21,14,8
21,15,18
21,16,4
21,17,13
21,18,24
21,19,2
21,20,10
21,21,19
21,22,11
21,23,22
21,24,16
22,0,16
22,1,10
22,2,9
22,3,25
22,4,8
22,5,7
22,6,1
22,7,12
22,8,21
22,9,4
22,10,11
22,11,18
22,12,22
22,13,19
22,14,13
22,15,6
22,16,17
22,17,23
22,18,3
22,19,15
22,20,20
22,21,5
22,22,24
22,23,14
22,24,2
23,0,15
23,1,23
23,2,19
23,3,7
23,4,2
23,5,3
23,6,10
23,7,14
23,8,9
23,9,24
23,10,6
23,11,4
23,12,17
23,13,16
23,14,25
23,15,20
23,16,11
23,17,21
23,18,5
23,19,22
23,20,8
23,21,1
23,22,13
23,23,18
23,24,12
24,0,11
24,1,4
24,2,1
24,3,13
24,4,22
24,5,8
24,6,16
24,7,19
24,8,2
24,9,18
24,10,23
24,11,3
24,12,5
24,13,20
24,14,24
24,15,10
24,16,12
24,17,7
24,18,25
24,19,14
24,20,15
24,21,6
24,22,17
24,23,9
24,24,21
