0,0,11
0,1,8
0,2,20
0,3,13
0,4,25
0,5,2
0,6,18
0,7,17
0,8,15
0,9,1
0,10,10
0,11,24
0,12,9
0,13,7
0,14,6
0,15,5
0,16,16
0,17,19
0,18,23
0,19,22
0,20,3
0,21,4
0,22,14
0,23,21
0,24,12
1,0,24
1,1,21
1,2,22
1,3,18
1,4,6
1,5,11
1,6,23
1,7,10
1,8,14
1,9,20
1,10,25
1,11,17
1,12,8
1,13,5
1,14,16
1,15,3
1,16,13
1,17,15
1,18,12
1,19,4
1,20,1
1,21,2
1,22,19
1,23,7
1,24,9
2,0,3
2,1,5
2,2,10
2,3,16
2,4,14
2,5,13
2,6,8
2,7,25
2,8,12
2,9,7
2,10,1
2,11,19
2,12,20
2,13,22
2,14,4
2,15,18
2,16,2
2,17,21
2,18,9
2,19,17
2,20,6
2,21,15
2,22,23
2,23,11
2,24,24
3,0,23
3,1,12
3,2,2
3,3,9
3,4,17
3,5,4
3,6,5
3,7,19
3,8,24
3,9,3
3,10,15
3,11,21
3,12,18
3,13,14
3,14,11
3,15,25
3,16,6
3,17,1
3,18,7
3,19,10
3,20,20
3,21,8
3,22,16
3,23,22
3,24,13
4,0,15
4,1,1
4,2,19
4,3,7
4,4,4
4,5,22
4,6,6
4,7,9
4,8,16
4,9,21
4,10,2
4,11,3
4,12,12
4,13,13
4,14,23
4,15,11
4,16,14
4,17,20
4,18,24
4,19,8
4,20,25
4,21,5
4,22,17
4,23,18
4,24,10
5,0,12
5,1,4
5,2,24
5,3,3
5,4,23
5,5,18
5,6,19
5,7,20
5,8,21
5,9,2
5,10,6
5,11,8
5,12,16
5,13,9
5,14,13
5,15,22
5,16,7
5,17,10
5,18,11
5,19,5
5,20,15
5,21,17
5,22,25
5,23,14
5,24,1
6,0,14
6,1,18
6,2,6
6,3,22
6,4,15
6,5,12
6,6,7
6,7,13
6,8,17
6,9,5
6,10,24
6,11,2
6,12,11
6,13,10
6,14,1
6,15,4
6,16,23
6,17,16
6,18,8
6,19,25
6,20,21
6,21,19
6,22,9
6,23,3
6,24,20
7,0,8
7,1,2
7,2,13
7,3,19
7,4,1
7,5,14
7,6,22
7,7,11
7,8,6
7,9,24
7,10,20
7,11,25
7,12,7
7,13,18
7,14,17
7,15,12
7,16,9
7,17,3
7,18,21
7,19,15
7,20,10
7,21,23
7,22,5
7,23,16
7,24,4
8,0,10
8,1,25
8,2,16
8,3,5
8,4,20
8,5,8
8,6,9
8,7,15
8,8,1
8,9,4
8,10,23
8,11,14
8,12,21
8,13,3
8,14,12
8,15,17
8,16,19
8,17,13
8,18,2
8,19,18
8,20,22
8,21,7
8,22,6
8,23,24
8,24,11
9,0,9
9,1,17
9,2,21
9,3,11
9,4,7
9,5,23
9,6,10
9,7,16
9,8,3
9,9,25
9,10,5
9,11,15
9,12,19
9,13,4
9,14,22
9,15,20
9,16,24
9,17,6
9,18,1
9,19,14
9,20,8
9,21,12
9,22,18
9,23,13
9,24,2
10,0,18
10,1,11
10,2,7
10,3,1
10,4,2
10,5,15
10,6,21
10,7,12
10,8,25
10,9,23
10,10,3
10,11,9
10,12,6
10,13,8
10,14,5
10,15,19
10,16,4
10,17,22
10,18,16
10,19,20
10,20,24
10,21,10
10,22,13
10,23,17
10,24,14
11,0,16
11,1,24
11,2,4
11,3,23
11,4,10
11,5,19
11,6,3
11,7,8
11,8,5
11,9,13
11,10,22
11,11,11
11,12,2
11,13,20
11,14,25
11,15,14
11,16,17
11,17,12
11,18,15
11,19,21
11,20,18
11,21,1
11,22,7
11,23,9
11,24,6
12,0,17
12,1,20
12,2,9
12,3,14
12,4,22
12,5,10
12,6,4
12,7,1
12,8,7
12,9,18
12,10,16
12,11,23
12,12,24
12,13,12
12,14,21
12,15,13
12,16,11
12,17,5
12,18,6
12,19,2
12,20,19
12,21,3
12,22,8
12,23,15
12,24,25
13,0,13
13,1,6
13,2,8
13,3,21
13,4,3
13,5,17
13,6,14
13,7,22
13,8,9
13,9,16
13,10,7
13,11,18
13,12,4
13,13,19
13,14,15
13,15,23
13,16,25
13,17,24
13,18,10
13,19,1
13,20,12
13,21,11
13,22,2
13,23,20
13,24,5
14,0,19
14,1,15
14,2,25
14,3,12
14,4,5
14,5,20
14,6,24
14,7,6
14,8,2
14,9,11
14,10,14
14,11,13
14,12,17
14,13,1
14,14,10
14,15,8
14,16,18
14,17,7
14,18,3
14,19,9
14,20,4
14,21,21
14,22,22
14,23,23
14,24,16
15,0,6
15,1,19
15,2,3
15,3,17
15,4,8
15,5,16
15,6,15
15,7,5
15,8,11
15,9,22
15,10,12
15,11,20
15,12,14
15,13,2
15,14,24
15,15,7
15,16,1
15,17,25
15,18,4
15,19,13
15,20,9
15,21,18
15,22,21
15,23,10
15,24,23
16,0,1
16,1,7
16,2,23
16,3,20
16,4,24
16,5,6
16,6,12
16,7,18
16,8,8
16,9,14
16,10,11
16,11,10
16,12,5
16,13,21
16,14,9
16,15,16
16,16,15
16,17,2
16,18,17
16,19,3
16,20,13
16,21,25
16,22,4
16,23,19
16,24,22
17,0,21
17,1,10
17,2,12
17,3,25
17,4,11
17,5,1
17,6,2
17,7,4
17,8,23
17,9,9
17,10,13
17,11,7
17,12,15
17,13,16
17,14,3
17,15,6
17,16,22
17,17,18
17,18,19
17,19,24
17,20,5
17,21,14
17,22,20
17,23,8
17,24,17
18,0,22
18,1,9
18,2,5
18,3,4
18,4,16
18,5,21
18,6,13
18,7,3
18,8,20
18,9,17
18,10,18
18,11,1
18,12,25
18,13,6
18,14,19
18,15,10
18,16,8
18,17,23
18,18,14
18,19,11
18,20,2
18,21,24
18,22,15
18,23,12
18,24,7
19,0,2
19,1,13
19,2,14
19,3,15
19,4,18
19,5,24
19,6,25
19,7,7
19,8,19
19,9,10
19,10,17
19,11,4
19,12,22
19,13,23
19,14,8
19,15,21
19,16,20
19,17,9
19,18,5
19,19,12
19,20,16
19,21,6
19,22,11
19,23,1
19,24,3
20,0,4
20,1,16
20,2,11
20,3,10
20,4,19
20,5,5
20,6,17
20,7,14
20,8,22
20,9,15
20,10,21
20,11,12
20,12,13
20,13,25
20,14,2
20,15,1
20,16,3
20,17,8
20,18,20
20,19,23
20,20,7
20,21,9
20,22,24
20,23,6
20,24,18
21,0,25
21,1,23
21,2,18
21,3,6
21,4,21
21,5,7
21,6,16
21,7,2
21,8,10
21,9,12
21,10,8
21,11,22
21,12,1
21,13,24
21,14,14
21,15,9
21,16,5
21,17,17
21,18,13
21,19,19
21,20,11
21,21,20
21,22,3
21,23,4
21,24,15
22,0,5
22,1,3
22,2,17
22,3,24
22,4,13
22,5,25
22,6,1
22,7,21
22,8,18
22,9,19
22,10,9
22,11,6
22,12,23
22,13,11
22,14,20
22,15,15
22,16,12
22,17,4
22,18,22
22,19,7
22,20,14
22,21,16
22,22,10
22,23,2
22,24,8
23,0,20
23,1,22
23,2,15
23,3,8
23,4,12
23,5,9
23,6,11
23,7,24
23,8,4
23,9,6
23,10,19
23,11,5
23,12,3
23,13,17
23,14,7
23,15,2
23,16,10
23,17,14
23,18,18
23,19,16
23,20,23
23,21,13
23,22,1
23,23,25
23,24,21
24,0,7
24,1,14
24,2,1
24,3,2
24,4,9
24,5,3
24,6,20
24,7,23
24,8,13
24,9,8
24,10,4
24,11,16
24,12,10
24,13,15
24,14,18
24,15,24
24,16,21
24,17,11
24,18,25
24,19,6
24,20,17
24,21,22
24,22,12
24,23,5
24,24,19
