0,0,8
0,1,25
0,2,2
0,3,6
0,4,10
0,5,18
0,6,11
0,7,1
0,8,7
0,9,21
0,10,3
0,11,5
0,12,16
0,13,9
0,14,12
0,15,14
0,16,20
0,17,22
0,18,24
0,19,15
0,20,13
0,21,23
0,22,17
0,23,19
0,24,4
1,0,1
1,1,24
1,2,5
1,3,19
1,4,23
1,5,4
1,6,10
1,7,16
1,8,17
1,9,14
1,10,13
1,11,21
1,12,8
1,13,18
1,14,25
1,15,12
1,16,7
1,17,2
1,18,11
1,19,9
1,20,3
1,21,15
1,22,20
1,23,22
1,24,6
2,0,21
2,1,20
2,2,4
2,3,3
2,4,14
2,5,22
2,6,6
2,7,25
2,8,15
2,9,12
2,10,24
2,11,17
2,12,1
2,13,11
2,14,7
2,15,18
2,16,23
2,17,16
2,18,13
2,19,19
2,20,8
2,21,10
2,22,2
2,23,9
2,24,5
3,0,11
3,1,15
3,2,18
3,3,12
3,4,7
3,5,13
3,6,23
3,7,2
3,8,20
3,9,9
3,10,14
3,11,10
3,12,22
3,13,6
3,14,19
3,15,8
3,16,17
3,17,3
3,18,5
3,19,4
3,20,1
3,21,24
3,22,25
3,23,21
3,24,16
4,0,16
4,1,17
4,2,9
4,3,13
4,4,22
4,5,3
4,6,24
4,7,5
4,8,19
4,9,8
4,10,2
4,11,4
4,12,15
4,13,20
4,14,23
4,15,6
4,16,1
4,17,25
4,18,21
4,19,10
4,20,7
4,21,12
4,22,14
4,23,18
4,24,11
5,0,3
5,1,16
5,2,14
5,3,7
5,4,20
5,5,25
5,6,18
5,7,4
5,8,22
5,9,23
5,10,10
5,11,15
5,12,24
5,13,1
5,14,6
5,15,13
5,16,5
5,17,19
5,18,2
5,19,8
5,20,17
5,21,21
5,22,9
5,23,11
5,24,12
6,0,23
6,1,5
6,2,21
6,3,15
6,4,4
6,5,12
6,6,16
6,7,20
6,8,13
6,9,3
6,10,17
6,11,9
6,12,19
6,13,22
6,14,8
6,15,10
6,16,11
6,17,1
6,18,6
6,19,14
6,20,25
6,21,18
6,22,7
6,23,24
6,24,2
7,0,6
7,1,11
7,2,8
7,3,24
7,4,13
7,5,7
7,6,1
7,7,9
7,8,21
7,9,17
7,10,5
7,11,25
7,12,23
7,13,2
7,14,18
7,15,16
7,16,22
7,17,15
7,18,12
7,19,20
7,20,4
7,21,14
7,22,10
7,23,3
7,24,19
8,0,19
8,1,22
8,2,17
8,3,1
8,4,25
8,5,10
8,6,14
8,7,11
8,8,24
8,9,2
8,10,16
8,11,12
8,12,7
8,13,13
8,14,4
8,15,3
8,16,9
8,17,21
8,18,23
8,19,18
8,20,20
8,21,5
8,22,6
8,23,8
8,24,15
9,0,9
9,1,12
9,2,10
9,3,18
9,4,2
9,5,8
9,6,15
9,7,6
9,8,5
9,9,19
9,10,20
9,11,11
9,12,14
9,13,21
9,14,3
9,15,7
9,16,4
9,17,17
9,18,25
9,19,24
9,20,22
9,21,16
9,22,13
9,23,1
9,24,23
10,0,13
10,1,1
10,2,23
10,3,9
10,4,5
10,5,19
10,6,8
10,7,17
10,8,16
10,9,10
10,10,7
10,11,3
10,12,6
10,13,15
10,14,22
10,15,11
10,16,14
10,17,4
10,18,18
10,19,12
10,20,21
10,21,2
10,22,24
10,23,25
10,24,20
11,0,15
11,1,7
11,2,12
11,3,10
11,4,3
11,5,6
11,6,5
11,7,18
11,8,23
11,9,20
11,10,8
11,11,19
11,12,17
11,13,24
11,14,11
11,15,2
11,16,25
11,17,13
11,18,22
11,19,21
11,20,9
11,21,1
11,22,16
11,23,4
11,24,14
12,0,24
12,1,8
12,2,25
12,3,4
12,4,17
12,5,9
12,6,2
12,7,22
12,8,14
12,9,11
12,10,21
12,11,1
12,12,18
12,13,10
12,14,13
12,15,20
12,16,19
12,17,5
12,18,7
12,19,16
12,20,15
12,21,6
12,22,12
12,23,23
12,24,3
13,0,18
13,1,21
13,2,11
13,3,2
13,4,6
13,5,1
13,6,13
13,7,12
13,8,25
13,9,24
13,10,4
13,11,16
13,12,20
13,13,14
13,14,9
13,15,15
13,16,8
13,17,10
13,18,3
13,19,23
13,20,19
13,21,7
13,22,5
13,23,17
13,24,22
14,0,22
14,1,19
14,2,20
14,3,14
14,4,16
14,5,21
14,6,3
14,7,15
14,8,4
14,9,7
14,10,25
14,11,23
14,12,2
14,13,12
14,14,5
14,15,17
14,16,6
14,17,24
14,18,9
14,19,1
14,20,10
14,21,11
14,22,8
14,23,13
14,24,18
15,0,4
15,1,23
15,2,6
15,3,16
15,4,24
15,5,14
15,6,20
15,7,10
15,8,1
15,9,15
15,10,18
15,11,7
15,12,11
15,13,17
15,14,2
15,15,25
15,16,13
15,17,9
15,18,19
15,19,3
15,20,12
15,21,8
15,22,22
15,23,5
15,24,21
16,0,14
16,1,2
16,2,7
16,3,8
16,4,21
16,5,23
16,6,12
16,7,24
16,8,3
16,9,22
16,10,19
16,11,20
16,12,9
16,13,5
16,14,10
16,15,1
16,16,16
16,17,18
16,18,4
16,19,17
16,20,6
16,21,25
16,22,11
16,23,15
16,24,13
17,0,12
17,1,10
17,2,19
17,3,22
17,4,18
17,5,5
17,6,21
17,7,13
17,8,11
17,9,4
17,10,15
17,11,8
17,12,3
17,13,25
17,14,24
17,15,23
17,16,2
17,17,7
17,18,14
17,19,6
17,20,16
17,21,9
17,22,1
17,23,20
17,24,17
18,0,5
18,1,9
18,2,3
18,3,17
18,4,15
18,5,16
18,6,25
18,7,7
18,8,8
18,9,18
18,10,6
18,11,13
18,12,12
18,13,4
18,14,1
18,15,21
18,16,10
18,17,11
18,18,20
18,19,22
18,20,14
18,21,19
18,22,23
18,23,2
18,24,24
19,0,20
19,1,13
19,2,1
19,3,25
19,4,11
19,5,17
19,6,9
19,7,19
19,8,2
19,9,6
19,10,23
19,11,22
19,12,21
19,13,16
19,14,14
19,15,24
19,16,12
19,17,8
19,18,15
19,19,5
19,20,18
19,21,3
19,22,4
19,23,7
19,24,10
20,0,7
20,1,4
20,2,24
20,3,21
20,4,1
20,5,20
20,6,22
20,7,8
20,8,18
20,9,13
20,10,11
20,11,14
20,12,10
20,13,23
20,14,15
20,15,9
20,16,3
20,17,6
20,18,16
20,19,2
20,20,5
20,21,17
20,22,19
20,23,12
20,24,25
21,0,10
21,1,14
21,2,22
21,3,20
21,4,19
21,5,2
21,6,7
21,7,23
21,8,6
21,9,1
21,10,9
21,11,24
21,12,13
21,13,3
21,14,21
21,15,5
21,16,15
21,17,12
21,18,17
21,19,25
21,20,11
21,21,4
21,22,18
21,23,16
21,24,8
22,0,25
22,1,6
22,2,13
22,3,23
22,4,8
22,5,15
22,6,17
22,7,3
22,8,9
22,9,5
22,10,12
22,11,2
22,12,4
22,13,19
22,14,16
22,15,22
22,16,18
22,17,14
22,18,1
22,19,11
22,20,24
22,21,20
22,22,21
22,23,10
22,24,7
23,0,17
23,1,3
23,2,16
23,3,11
23,4,12
23,5,24
23,6,4
23,7,14
23,8,10
23,9,25
23,10,1
23,11,18
23,12,5
23,13,7
23,14,20
23,15,19
23,16,21
23,17,23
23,18,8
23,19,13
23,20,2
23,21,22
23,22,15
23,23,6
23,24,9
24,0,2
24,1,18
24,2,15
24,3,5
24,4,9
24,5,11
24,6,19
24,7,21
24,8,12
24,9,16
24,10,22
24,11,6
24,12,25
24,13,8
24,14,17
24,15,4
24,16,24
24,17,20
24,18,10
24,19,7
24,20,23
24,21,13
24,22,3
24,23,14
24,24,1
