0,0,7
0,1,4
0,2,2
0,3,5
0,4,22
0,5,23
0,6,13
0,7,14
0,8,3
0,9,20
0,10,21
0,11,24
0,12,6
0,13,10
0,14,1
0,15,8
0,16,25
0,17,19
0,18,15
0,19,16
0,20,17
0,21,9
0,22,11
0,23,12
0,24,18
1,0,20
1,1,9
1,2,13
1,3,12
1,4,15
1,5,22
1,6,5
1,7,1
1,8,25
1,9,11
1,10,19
1,11,18
1,12,14
1,13,16
1,14,3
1,15,7
1,16,6
1,17,4
1,18,17
1,19,10
1,20,24
1,21,23
1,22,8
1,23,21
1,24,2
2,0,10
2,1,23
2,2,17
2,3,6
2,4,14
2,5,19
2,6,18
2,7,4
2,8,7
2,9,9
2,10,8
2,11,11
2,12,2
2,13,15
2,14,20
2,15,5
2,16,24
2,17,12
2,18,21
2,19,22
2,20,1
2,21,13
2,22,25
2,23,3
2,24,16
3,0,18
3,1,21
3,2,3
3,3,25
3,4,8
3,5,17
3,6,15
3,7,24
3,8,6
3,9,16
3,10,23
3,11,13
3,12,22
3,13,12
3,14,7
3,15,1
3,16,9
3,17,20
3,18,11
3,19,2
3,20,14
3,21,10
3,22,4
3,23,5
3,24,19
4,0,1
4,1,24
4,2,19
4,3,16
4,4,11
4,5,12
4,6,8
4,7,2
4,8,21
4,9,10
4,10,4
4,11,9
4,12,17
4,13,5
4,14,25
4,15,3
4,16,13
4,17,23
4,18,18
4,19,14
4,20,15
4,21,20
4,22,6
4,23,22
4,24,7
5,0,14
5,1,15
5,2,6
5,3,17
5,4,3
5,5,4
5,6,22
5,7,10
5,8,16
5,9,1
5,10,7
5,11,23
5,12,20
5,13,9
5,14,12
5,15,21
5,16,11
5,17,8
5,18,2
5,19,25
5,20,19
5,21,24
5,22,13
5,23,18
5,24,5
6,0,12
6,1,16
6,2,8
6,3,21
6,4,5
6,5,14
6,6,25
6,7,6
6,8,20
6,9,18
6,10,1
6,11,22
6,12,13
6,13,2
6,14,24
6,15,9
6,16,19
6,17,15
6,18,23
6,19,3
6,20,7
6,21,4
6,22,17
6,23,11
6,24,10
7,0,22
7,1,2
7,2,20
7,3,23
7,4,24
7,5,21
7,6,11
7,7,7
7,8,13
7,9,5
7,10,18
7,11,16
7,12,8
7,13,19
7,14,10
7,15,14
7,16,1
7,17,17
7,18,4
7,19,6
7,20,3
7,21,25
7,22,12
7,23,9
7,24,15
8,0,13
8,1,19
8,2,18
8,3,10
8,4,4
8,5,15
8,6,9
8,7,17
8,8,2
8,9,23
8,10,5
8,11,3
8,12,25
8,13,14
8,14,11
8,15,12
8,16,16
8,17,24
8,18,20
8,19,7
8,20,21
8,21,1
8,22,22
8,23,6
8,24,8
9,0,9
9,1,11
9,2,25
9,3,7
9,4,1
9,5,8
9,6,3
9,7,12
9,8,24
9,9,19
9,10,15
9,11,21
9,12,4
9,13,17
9,14,6
9,15,18
9,16,22
9,17,13
9,18,10
9,19,5
9,20,16
9,21,2
9,22,14
9,23,23
9,24,20
10,0,5
10,1,17
10,2,11
10,3,24
10,4,2
10,5,18
10,6,16
10,7,22
10,8,4
10,9,14
10,10,10
10,11,12
10,12,19
10,13,20
10,14,9
10,15,13
10,16,21
10,17,6
10,18,3
10,19,1
10,20,8
10,21,7
10,22,15
10,23,25
10,24,23
11,0,21
11,1,3
11,2,14
11,3,15
11,4,13
11,5,11
11,6,23
11,7,9
11,8,8
11,9,7
11,10,24
11,11,25
11,12,18
11,13,6
11,14,2
11,15,19
11,16,20
11,17,22
11,18,12
11,19,4
11,20,5
11,21,16
11,22,10
11,23,17
11,24,1
12,0,6
12,1,18
12,2,23
12,3,9
12,4,10
12,5,1
12,6,19
12,7,5
12,8,17
12,9,2
12,10,22
12,11,4
12,12,16
12,13,11
12,14,15
12,15,25
12,16,8
12,17,7
12,18,14
12,19,24
12,20,13
12,21,12
12,22,21
12,23,20
12,24,3
13,0,25
13,1,8
13,2,22
13,3,4
13,4,7
13,5,3
13,6,24
13,7,20
13,8,12
13,9,21
13,10,13
13,11,14
13,12,5
13,13,1
13,14,23
13,15,17
13,16,18
13,17,10
13,18,16
13,19,15
13,20,11
13,21,19
13,22,9
13,23,2
13,24,6
14,0,16
14,1,20
14,2,1
14,3,19
14,4,12
14,5,25
14,6,6
14,7,15
14,8,10
14,9,13
14,10,17
14,11,8
14,12,3
14,13,7
14,14,21
14,15,23
14,16,2
14,17,9
14,18,5
14,19,11
14,20,22
14,21,18
14,22,24
14,23,4
14,24,14
15,0,2
15,1,13
15,2,15
15,3,22
15,4,17
15,5,16
15,6,21
15,7,18
15,8,11
15,9,8
15,10,3
15,11,20
15,12,24
15,13,23
15,14,4
15,15,10
15,16,14
15,17,25
15,18,1
15,19,12
15,20,6
15,21,5
15,22,19
15,23,7
15,24,9
16,0,8
16,1,7
16,2,12
16,3,11
16,4,21
16,5,5
16,6,17
16,7,25
16,8,22
16,9,4
16,10,14
16,11,15
16,12,10
16,13,18
16,14,19
16,15,20
16,16,23
16,17,16
16,18,6
16,19,9
16,20,2
16,21,3
16,22,1
16,23,13
16,24,24
17,0,24
17,1,5
17,2,9
17,3,3
17,4,18
17,5,7
17,6,2
17,7,19
17,8,15
17,9,6
17,10,12
17,11,17
17,12,1
17,13,8
17,14,16
17,15,22
17,16,4
17,17,11
17,18,13
17,19,21
17,20,20
17,21,14
17,22,23
17,23,10
17,24,25
18,0,23
18,1,14
18,2,16
18,3,20
18,4,6
18,5,10
18,6,12
18,7,13
18,8,1
18,9,24
18,10,9
18,11,7
18,12,11
18,13,25
18,14,22
18,15,2
18,16,3
18,17,5
18,18,8
18,19,19
18,20,4
18,21,17
18,22,18
18,23,15
18,24,21
19,0,4
19,1,25
19,2,10
19,3,1
19,4,19
19,5,20
19,6,14
19,7,23
19,8,9
19,9,3
19,10,2
19,11,6
19,12,21
19,13,13
19,14,5
19,15,24
19,16,15
19,17,18
19,18,7
19,19,17
19,20,12
19,21,22
19,22,16
19,23,8
19,24,11
20,0,3
20,1,6
20,2,5
20,3,8
20,4,16
20,5,24
20,6,4
20,7,21
20,8,19
20,9,12
20,10,25
20,11,10
20,12,23
20,13,22
20,14,17
20,15,15
20,16,7
20,17,14
20,18,9
20,19,20
20,20,18
20,21,11
20,22,2
20,23,1
20,24,13
21,0,11
21,1,12
21,2,4
21,3,2
21,4,23
21,5,13
21,6,1
21,7,3
21,8,5
21,9,25
21,10,16
21,11,19
21,12,7
21,13,24
21,14,18
21,15,6
21,16,10
21,17,21
21,18,22
21,19,8
21,20,9
21,21,15
21,22,20
21,23,14
21,24,17
22,0,15
22,1,1
22,2,24
22,3,14
22,4,25
22,5,9
22,6,20
22,7,8
22,8,18
22,9,17
22,10,11
22,11,2
22,12,12
22,13,21
22,14,13
22,15,4
22,16,5
22,17,3
22,18,19
22,19,23
22,20,10
22,21,6
22,22,7
22,23,16
22,24,22
23,0,17
23,1,10
23,2,21
23,3,18
23,4,9
23,5,6
23,6,7
23,7,16
23,8,23
23,9,22
23,10,20
23,11,1
23,12,15
23,13,3
23,14,14
23,15,11
23,16,12
23,17,2
23,18,24
23,19,13
23,20,25
23,21,8
23,22,5
23,23,19
23,24,4
24,0,19
24,1,22
24,2,7
24,3,13
24,4,20
24,5,2
24,6,10
24,7,11
24,8,14
24,9,15
24,10,6
24,11,5
24,12,9
24,13,4
24,14,8
24,15,16
24,16,17
24,17,1
24,18,25
24,19,18
24,20,23
24,21,21
24,22,3
24,23,24
24,24,12
