0,0,19
0,1,24
0,2,10
0,3,7
0,4,11
0,5,21
0,6,1
0,7,23
0,8,22
0,9,18
0,10,3
0,11,14
0,12,17
0,13,8
0,14,2
0,15,15
0,16,6
0,17,13
0,18,5
0,19,16
0,20,20
0,21,25
0,22,12
0,23,4
0,24,9
1,0,17
1,1,13
1,2,14
1,3,23
1,4,21
1,5,12
1,6,15
1,7,25
1,8,6
1,9,8
1,10,18
1,11,4
1,12,20
1,13,1
1,14,5
1,15,11
1,16,22
1,17,10
1,18,9
1,19,19
1,20,7
1,21,2
1,22,24
1,23,16
1,24,3
2,0,8
2,1,18
2,2,2
2,3,9
2,4,16
2,5,20
2,6,3
2,7,7
2,8,13
2,9,17
2,10,22
2,11,19
2,12,12
2,13,15
2,14,24
2,15,14
2,16,4
2,17,21
2,18,1
2,19,25
2,20,10
2,21,5
2,22,23
2,23,11
2,24,6
3,0,12
3,1,3
3,2,6
3,3,5
3,4,1
3,5,10
3,6,14
3,7,19
3,8,4
3,9,11
3,10,7
3,11,9
3,12,25
3,13,16
3,14,13
3,15,23
3,16,24
3,17,20
3,18,17
3,19,2
3,20,15
3,21,22
3,22,8
3,23,21
3,24,18
4,0,15
4,1,25
4,2,4
4,3,20
4,4,22
4,5,24
4,6,16
4,7,5
4,8,9
4,9,2
4,10,23
4,11,11
4,12,21
4,13,10
4,14,6
4,15,18
4,16,12
4,17,3
4,18,7
4,19,8
4,20,14
4,21,13
4,22,17
4,23,1
4,24,19
5,0,9
5,1,6
5,2,16
5,3,24
5,4,17
5,5,19
5,6,12
5,7,18
5,8,21
5,9,23
5,10,1
5,11,2
5,12,7
5,13,22
5,14,3
5,15,4
5,16,25
5,17,15
5,18,20
5,19,14
5,20,8
5,21,10
5,22,11
5,23,5
5,24,13
6,0,11
6,1,20
6,2,25
6,3,8
6,4,15
6,5,16
6,6,10
6,7,17
6,8,5
6,9,3
6,10,12
6,11,18
6,12,4
6,13,24
6,14,23
6,15,19
6,16,9
6,17,2
6,18,13
6,19,1
6,20,6
6,21,21
6,22,7
6,23,14
6,24,22
7,0,1
7,1,23
7,2,22
7,3,19
7,4,5
7,5,13
7,6,20
7,7,2
7,8,15
7,9,14
7,10,11
7,11,6
7,12,10
7,13,25
7,14,16
7,15,12
7,16,21
7,17,7
7,18,8
7,19,24
7,20,9
7,21,3
7,22,18
7,23,17
7,24,4
8,0,7
8,1,4
8,2,21
8,3,2
8,4,14
8,5,8
8,6,6
8,7,11
8,8,24
8,9,1
8,10,20
8,11,13
8,12,9
8,13,17
8,14,15
8,15,10
8,16,3
8,17,18
8,18,22
8,19,5
8,20,19
8,21,23
8,22,25
8,23,12
8,24,16
9,0,3
9,1,12
9,2,18
9,3,13
9,4,10
9,5,22
9,6,25
9,7,9
9,8,7
9,9,4
9,10,14
9,11,5
9,12,19
9,13,21
9,14,8
9,15,17
9,16,11
9,17,23
9,18,16
9,19,6
9,20,24
9,21,1
9,22,20
9,23,2
9,24,15
10,0,23
10,1,17
10,2,12
10,3,16
10,4,18
10,5,9
10,6,8
10,7,20
10,8,2
10,9,10
10,10,6
10,11,25
10,12,24
10,13,4
10,14,19
10,15,21
10,16,1
10,17,22
10,18,3
10,19,11
10,20,13
10,21,7
10,22,14
10,23,15
10,24,5
11,0,13
11,1,9
11,2,7
11,3,14
11,4,3
11,5,15
11,6,5
11,7,12
11,8,17
11,9,19
11,10,10
11,11,21
11,12,22
11,13,2
11,14,20
11,15,24
11,16,8
11,17,4
11,18,25
11,19,18
11,20,16
11,21,11
11,22,6
11,23,23
11,24,1
12,0,4
12,1,8
12,2,11
12,3,6
12,4,2
12,5,1
12,6,18
12,7,13
12,8,25
12,9,22
12,10,9
12,11,3
12,12,5
12,13,7
12,14,14
12,15,20
12,16,15
12,17,16
12,18,23
12,19,10
12,20,12
12,21,24
12,22,21
12,23,19
12,24,17
13,0,25
13,1,5
13,2,24
13,3,1
13,4,19
13,5,4
13,6,7
13,7,14
13,8,11
13,9,21
13,10,15
13,11,23
13,12,16
13,13,12
13,14,18
13,15,2
13,16,13
13,17,17
13,18,6
13,19,9
13,20,3
13,21,8
13,22,22
13,23,20
13,24,10
14,0,10
14,1,21
14,2,15
14,3,22
14,4,20
14,5,3
14,6,24
14,7,16
14,8,23
14,9,6
14,10,8
14,11,17
14,12,1
14,13,13
14,14,11
14,15,7
14,16,19
14,17,5
14,18,14
14,19,12
14,20,2
14,21,4
14,22,9
14,23,18
14,24,25
15,0,6
15,1,11
15,2,3
15,3,15
15,4,7
15,5,17
15,6,22
15,7,1
15,8,16
15,9,20
15,10,19
15,11,24
15,12,8
15,13,23
15,14,4
15,15,5
15,16,14
15,17,25
15,18,21
15,19,13
15,20,18
15,21,12
15,22,10
15,23,9
15,24,2
16,0,18
16,1,10
16,2,19
16,3,21
16,4,9
16,5,7
16,6,23
16,7,3
16,8,14
16,9,25
16,10,16
16,11,1
16,12,6
16,13,11
16,14,17
16,15,22
16,16,2
16,17,24
16,18,12
16,19,20
16,20,4
16,21,15
16,22,5
16,23,13
16,24,8
17,0,16
17,1,1
17,2,23
17,3,4
17,4,24
17,5,5
17,6,2
17,7,8
17,8,12
17,9,9
17,10,13
17,11,20
17,12,18
17,13,14
17,14,25
17,15,6
17,16,7
17,17,19
17,18,10
17,19,15
17,20,11
17,21,17
17,22,3
17,23,22
17,24,21
18,0,14
18,1,2
18,2,13
18,3,25
18,4,8
18,5,6
18,6,4
18,7,15
18,8,10
18,9,24
18,10,21
18,11,12
18,12,3
18,13,5
18,14,22
18,15,9
18,16,18
18,17,1
18,18,11
18,19,17
18,20,23
18,21,16
18,22,19
18,23,7
18,24,20
19,0,20
19,1,22
19,2,5
19,3,17
19,4,12
19,5,11
19,6,19
19,7,21
19,8,18
19,9,13
19,10,2
19,11,10
19,12,15
19,13,9
19,14,7
19,15,16
19,16,23
19,17,8
19,18,4
19,19,3
19,20,25
19,21,6
19,22,1
19,23,24
19,24,14
20,0,22
20,1,7
20,2,1
20,3,18
20,4,4
20,5,2
20,6,21
20,7,6
20,8,20
20,9,15
20,10,24
20,11,8
20,12,14
20,13,3
20,14,10
20,15,13
20,16,17
20,17,12
20,18,19
20,19,23
20,20,5
20,21,9
20,22,16
20,23,25
20,24,11
21,0,2
21,1,14
21,2,9
21,3,3
21,4,25
21,5,23
21,6,11
21,7,4
21,8,19
21,9,16
21,10,5
21,11,22
21,12,13
21,13,20
21,14,12
21,15,1
21,16,10
21,17,6
21,18,24
21,19,21
21,20,17
21,21,18
21,22,15
21,23,8
21,24,7
22,0,21
22,1,15
22,2,8
22,3,11
22,4,23
22,5,25
22,6,13
22,7,10
22,8,1
22,9,12
22,10,17
22,11,16
22,12,2
22,13,19
22,14,9
22,15,3
22,16,5
22,17,14
22,18,18
22,19,7
22,20,22
22,21,20
22,22,4
22,23,6
22,24,24
23,0,5
23,1,16
23,2,17
23,3,10
23,4,6
23,5,14
23,6,9
23,7,24
23,8,8
23,9,7
23,10,4
23,11,15
23,12,23
23,13,18
23,14,21
23,15,25
23,16,20
23,17,11
23,18,2
23,19,22
23,20,1
23,21,19
23,22,13
23,23,3
23,24,12
24,0,24
24,1,19
24,2,20
24,3,12
24,4,13
24,5,18
24,6,17
24,7,22
24,8,3
24,9,5
24,10,25
24,11,7
24,12,11
24,13,6
24,14,1
24,15,8
24,16,16
24,17,9
24,18,15
24,19,4
24,20,21
24,21,14
24,22,2
24,23,10
24,24,23
