0,0,13
0,1,7
0,2,24
0,3,25
0,4,6
0,5,16
0,6,14
0,7,2
0,8,3
0,9,22
0,10,4
0,11,19
0,12,8
0,13,1
0,14,10
0,15,9
0,16,5
0,17,23
0,18,18
0,19,15
0,20,21
0,21,11
0,22,20
0,23,12
0,24,17
1,0,1
1,1,18
1,2,17
1,3,3
1,4,21
1,5,9
1,6,5
1,7,7
1,8,19
1,9,15
1,10,2
1,11,11
1,12,24
1,13,22
1,14,12
1,15,4
1,16,25
1,17,10
1,18,6
1,19,20
1,20,23
1,21,8
1,22,14
1,23,13
1,24,16
2,0,20
2,1,12
2,2,2
2,3,19
2,4,11
2,5,4
2,6,18
2,7,1
2,8,8
2,9,24
2,10,25
2,11,23
2,12,6
2,13,21
2,14,9
2,15,17
2,16,14
2,17,13
2,18,16
2,19,22
2,20,7
2,21,10
2,22,15
2,23,3
2,24,5
3,0,22
3,1,16
3,2,9
3,3,10
3,4,14
3,5,12
3,6,20
3,7,23
3,8,21
3,9,13
3,10,3
3,11,15
3,12,17
3,13,5
3,14,18
3,15,19
3,16,7
3,17,8
3,18,24
3,19,11
3,20,2
3,21,6
3,22,1
3,23,25
3,24,4
4,0,8
4,1,23
4,2,15
4,3,4
4,4,5
4,5,11
4,6,17
4,7,10
4,8,25
4,9,6
4,10,7
4,11,20
4,12,13
4,13,16
4,14,14
4,15,2
4,16,1
4,17,21
4,18,3
4,19,12
4,20,22
4,21,18
4,22,19
4,23,24
4,24,9
5,0,16
5,1,11
5,2,12
5,3,20
5,4,7
5,5,13
5,6,19
5,7,3
5,8,1
5,9,9
5,10,24
5,11,10
5,12,25
5,13,8
5,14,21
5,15,6
5,16,2
5,17,5
5,18,15
5,19,4
5,20,14
5,21,22
5,22,18
5,23,17
5,24,23
6,0,23
6,1,1
6,2,18
6,3,22
6,4,15
6,5,24
6,6,8
6,7,21
6,8,4
6,9,16
6,10,6
6,11,2
6,12,11
6,13,19
6,14,13
6,15,20
6,16,17
6,17,12
6,18,14
6,19,10
6,20,9
6,21,7
6,22,25
6,23,5
6,24,3
7,0,3
7,1,2
7,2,10
7,3,24
7,4,9
7,5,25
7,6,6
7,7,5
7,8,17
7,9,12
7,10,14
7,11,7
7,12,23
7,13,18
7,14,16
7,15,8
7,16,13
7,17,22
7,18,19
7,19,1
7,20,20
7,21,15
7,22,4
7,23,11
7,24,21
8,0,19
8,1,13
8,2,25
8,3,14
8,4,8
8,5,15
8,6,23
8,7,18
8,8,22
8,9,7
8,10,5
8,11,3
8,12,20
8,13,4
8,14,17
8,15,24
8,16,9
8,17,16
8,18,11
8,19,21
8,20,10
8,21,2
8,22,6
8,23,1
8,24,12
9,0,5
9,1,4
9,2,6
9,3,21
9,4,17
9,5,20
9,6,2
9,7,14
9,8,10
9,9,11
9,10,12
9,11,22
9,12,1
9,13,9
9,14,15
9,15,3
9,16,23
9,17,18
9,18,7
9,19,25
9,20,13
9,21,24
9,22,16
9,23,19
9,24,8
10,0,17
10,1,25
10,2,21
10,3,9
10,4,1
10,5,3
10,6,16
10,7,24
10,8,18
10,9,4
10,10,23
10,11,6
10,12,15
10,13,14
10,14,11
10,15,10
10,16,12
10,17,19
10,18,8
10,19,7
10,20,5
10,21,13
10,22,22
10,23,20
10,24,2
11,0,2
11,1,20
11,2,11
11,3,15
11,4,23
11,5,7
11,6,9
11,7,8
11,8,14
11,9,25
11,10,1
11,11,13
11,12,10
11,13,24
11,14,4
11,15,5
11,16,6
11,17,17
11,18,22
11,19,3
11,20,19
11,21,21
11,22,12
11,23,16
11,24,18
12,0,7
12,1,6
12,2,14
12,3,12
12,4,22
12,5,10
12,6,13
12,7,17
12,8,5
12,9,21
12,10,9
12,11,18
12,12,16
12,13,2
12,14,19
12,15,23
12,16,11
12,17,20
12,18,1
12,19,24
12,20,8
12,21,25
12,22,3
12,23,4
12,24,15
13,0,10
13,1,3
13,2,8
13,3,5
13,4,24
13,5,6
13,6,15
13,7,19
13,8,12
13,9,2
13,10,17
13,11,21
13,12,22
13,13,20
13,14,25
13,15,16
13,16,18
13,17,4
13,18,9
13,19,13
13,20,1
13,21,14
13,22,23
13,23,7
13,24,11
14,0,18
14,1,19
14,2,16
14,3,13
14,4,4
14,5,22
14,6,1
14,7,20
14,8,11
14,9,23
14,10,8
14,11,12
14,12,5
14,13,3
14,14,7
14,15,15
14,16,21
14,17,14
14,18,25
14,19,2
14,20,6
14,21,17
14,22,24
14,23,9
14,24,10
15,0,4
15,1,24
15,2,7
15,3,16
15,4,18
15,5,23
15,6,3
15,7,13
15,8,2
15,9,20
15,10,22
15,11,17
15,12,12
15,13,15
15,14,1
15,15,14
15,16,8
15,17,25
15,18,10
15,19,5
15,20,11
15,21,9
15,22,21
15,23,6
15,24,19
16,0,21
16,1,9
16,2,5
16,3,2
16,4,13
16,5,8
16,6,25
16,7,4
16,8,7
16,9,1
16,10,20
16,11,14
16,12,18
16,13,10
16,14,6
16,15,11
16,16,24
16,17,3
16,18,12
16,19,19
16,20,15
16,21,16
16,22,17
16,23,23
16,24,22
17,0,25
17,1,8
17,2,23
17,3,1
17,4,12
17,5,18
17,6,21
17,7,15
17,8,6
17,9,10
17,10,16
17,11,4
17,12,19
17,13,11
17,14,24
17,15,22
17,16,20
17,17,9
17,18,13
17,19,17
17,20,3
17,21,5
17,22,2
17,23,14
17,24,7
18,0,11
18,1,10
18,2,19
18,3,6
18,4,3
18,5,17
18,6,22
18,7,16
18,8,9
18,9,14
18,10,21
18,11,5
18,12,2
18,13,25
18,14,23
18,15,7
18,16,15
18,17,1
18,18,4
18,19,18
18,20,12
18,21,20
18,22,13
18,23,8
18,24,24
19,0,14
19,1,15
19,2,22
19,3,17
19,4,20
19,5,19
19,6,11
19,7,12
19,8,24
19,9,5
19,10,13
19,11,8
19,12,9
19,13,7
19,14,3
19,15,21
19,16,16
19,17,6
19,18,2
19,19,23
19,20,4
19,21,1
19,22,10
19,23,18
19,24,25
20,0,24
20,1,22
20,2,20
20,3,11
20,4,19
20,5,14
20,6,10
20,7,6
20,8,23
20,9,3
20,10,18
20,11,9
20,12,21
20,13,17
20,14,2
20,15,13
20,16,4
20,17,7
20,18,5
20,19,16
20,20,25
20,21,12
20,22,8
20,23,15
20,24,1
21,0,9
21,1,21
21,2,1
21,3,18
21,4,16
21,5,5
21,6,24
21,7,22
21,8,20
21,9,19
21,10,15
21,11,25
21,12,4
21,13,6
21,14,8
21,15,12
21,16,10
21,17,11
21,18,23
21,19,14
21,20,17
21,21,3
21,22,7
21,23,2
21,24,13
22,0,6
22,1,14
22,2,13
22,3,7
22,4,25
22,5,2
22,6,12
22,7,11
22,8,15
22,9,8
22,10,10
22,11,16
22,12,3
22,13,23
22,14,22
22,15,1
22,16,19
22,17,24
22,18,17
22,19,9
22,20,18
22,21,4
22,22,5
22,23,21
22,24,20
23,0,15
23,1,5
23,2,4
23,3,23
23,4,10
23,5,1
23,6,7
23,7,25
23,8,13
23,9,17
23,10,11
23,11,24
23,12,14
23,13,12
23,14,20
23,15,18
23,16,3
23,17,2
23,18,21
23,19,8
23,20,16
23,21,19
23,22,9
23,23,22
23,24,6
24,0,12
24,1,17
24,2,3
24,3,8
24,4,2
24,5,21
24,6,4
24,7,9
24,8,16
24,9,18
24,10,19
24,11,1
24,12,7
24,13,13
24,14,5
24,15,25
24,16,22
24,17,15
24,18,20
24,19,6
24,20,24
24,21,23
24,22,11
24,23,10
24,24,14
