0,0,17
0,1,6
0,2,16
0,3,20
0,4,25
0,5,8
0,6,4
0,7,15
0,8,3
0,9,21
0,10,12
0,11,14
0,12,23
0,13,2
0,14,24
0,15,10
0,16,11
0,17,13
0,18,19
0,19,7
0,20,5
0,21,18
0,22,1
0,23,22
0,24,9
1,0,19
1,1,4
1,2,21
1,3,23
1,4,24
1,5,12
1,6,13
1,7,20
1,8,22
1,9,6
1,10,15
1,11,25
1,12,7
1,13,18
1,14,5
1,15,1
1,16,14
1,17,9
1,18,2
1,19,17
1,20,3
1,21,8
1,22,16
1,23,10
1,24,11
2,0,11
2,1,7
2,2,12
2,3,14
2,4,15
2,5,23
2,6,16
2,7,17
2,8,25
2,9,9
2,10,21
2,11,4
2,12,22
2,13,10
2,14,1
2,15,5
2,16,8
2,17,20
2,18,3
2,19,18
2,20,13
2,21,2
2,22,19
2,23,6
2,24,24
3,0,8
3,1,10
3,2,3
3,3,2
3,4,13
3,5,14
3,6,24
3,7,1
3,8,5
3,9,18
3,10,17
3,11,9
3,12,19
3,13,11
3,14,20
3,15,16
3,16,4
3,17,22
3,18,6
3,19,25
3,20,7
3,21,12
3,22,21
3,23,15
3,24,23
4,0,5
4,1,22
4,2,1
4,3,18
4,4,9
4,5,7
4,6,2
4,7,10
4,8,11
4,9,19
4,10,8
4,11,16
4,12,6
4,13,3
4,14,13
4,15,21
4,16,23
4,17,24
4,18,15
4,19,12
4,20,25
4,21,4
4,22,14
4,23,17
4,24,20
5,0,4
5,1,20
5,2,22
5,3,9
5,4,11
5,5,6
5,6,7
5,7,16
5,8,8
5,9,13
5,10,18
5,11,3
5,12,1
5,13,23
5,14,15
5,15,25
5,16,24
5,17,17
5,18,10
5,19,19
5,20,21
5,21,14
5,22,12
5,23,2
5,24,5
6,0,10
6,1,25
6,2,15
6,3,6
6,4,19
6,5,21
6,6,22
6,7,3
6,8,14
6,9,20
6,10,2
6,11,13
6,12,5
6,13,7
6,14,4
6,15,12
6,16,9
6,17,23
6,18,18
6,19,11
6,20,8
6,21,24
6,22,17
6,23,1
6,24,16
7,0,2
7,1,8
7,2,7
7,3,12
7,4,17
7,5,1
7,6,9
7,7,19
7,8,18
7,9,15
7,10,22
7,11,21
7,12,24
7,13,6
7,14,10
7,15,4
7,16,5
7,17,14
7,18,16
7,19,20
7,20,11
7,21,25
7,22,3
7,23,23
7,24,13
8,0,16
8,1,21
8,2,5
8,3,24
8,4,1
8,5,25
8,6,11
8,7,4
8,8,2
8,9,23
8,10,14
8,11,8
8,12,17
8,13,9
8,14,12
8,15,22
8,16,7
8,17,15
8,18,13
8,19,3
8,20,10
8,21,19
8,22,6
8,23,20
8,24,18
9,0,3
9,1,18
9,2,23
9,3,13
9,4,14
9,5,24
9,6,10
9,7,12
9,8,17
9,9,5
9,10,11
9,11,20
9,12,16
9,13,25
9,14,19
9,15,2
9,16,21
9,17,6
9,18,8
9,19,1
9,20,4
9,21,22
9,22,15
9,23,9
9,24,7
10,0,20
10,1,24
10,2,4
10,3,3
10,4,8
10,5,16
10,6,18
10,7,14
10,8,7
10,9,17
10,10,5
10,11,6
10,12,21
10,13,1
10,14,9
10,15,15
10,16,13
10,17,12
10,18,22
10,19,2
10,20,19
10,21,23
10,22,11
10,23,25
10,24,10
11,0,15
11,1,16
11,2,25
11,3,7
11,4,6
11,5,22
11,6,23
11,7,11
11,8,10
11,9,24
11,10,20
11,11,2
11,12,13
11,13,19
11,14,18
11,15,9
11,16,3
11,17,8
11,18,17
11,19,4
11,20,14
11,21,21
11,22,5
11,23,12
11,24,1
12,0,12
12,1,11
12,2,18
12,3,22
12,4,5
12,5,2
12,6,19
12,7,21
12,8,13
12,9,4
12,10,7
12,11,15
12,12,10
12,13,16
12,14,8
12,15,20
12,16,1
12,17,25
12,18,14
12,19,23
12,20,6
12,21,3
12,22,9
12,23,24
12,24,17
13,0,9
13,1,23
13,2,17
13,3,10
13,4,21
13,5,15
13,6,20
13,7,6
13,8,1
13,9,25
13,10,3
13,11,24
13,12,12
13,13,4
13,14,14
13,15,18
13,16,19
13,17,5
13,18,11
13,19,16
13,20,2
13,21,7
13,22,8
13,23,13
13,24,22
14,0,13
14,1,19
14,2,14
14,3,1
14,4,2
14,5,3
14,6,5
14,7,8
14,8,9
14,9,12
14,10,23
14,11,22
14,12,25
14,13,17
14,14,11
14,15,7
14,16,6
14,17,21
14,18,24
14,19,10
14,20,20
14,21,15
14,22,18
14,23,16
14,24,4
15,0,21
15,1,1
15,2,9
15,3,16
15,4,23
15,5,4
15,6,3
15,7,5
15,8,15
15,9,10
15,10,13
15,11,7
15,12,2
15,13,24
15,14,17
15,15,14
15,16,18
15,17,19
15,18,25
15,19,22
15,20,12
15,21,11
15,22,20
15,23,8
15,24,6
16,0,18
16,1,12
16,2,20
16,3,15
16,4,3
16,5,11
16,6,21
16,7,7
16,8,19
16,9,16
16,10,1
16,11,23
16,12,9
16,13,5
16,14,6
16,15,24
16,16,2
16,17,10
16,18,4
16,19,8
16,20,22
16,21,17
16,22,13
16,23,14
16,24,25
17,0,14
17,1,2
17,2,6
17,3,11
17,4,22
17,5,17
17,6,8
17,7,18
17,8,12
17,9,1
17,10,25
17,11,10
17,12,3
17,13,20
17,14,21
17,15,13
17,16,15
17,17,16
17,18,7
17,19,5
17,20,24
17,21,9
17,22,23
17,23,4
17,24,19
18,0,24
18,1,5
18,2,13
18,3,19
18,4,7
18,5,20
18,6,25
18,7,2
18,8,23
18,9,14
18,10,4
18,11,18
18,12,11
18,13,8
18,14,22
18,15,17
18,16,12
18,17,1
18,18,9
18,19,6
18,20,15
18,21,16
18,22,10
18,23,21
18,24,3
19,0,25
19,1,17
19,2,10
19,3,8
19,4,4
19,5,9
19,6,6
19,7,13
19,8,24
19,9,22
19,10,19
19,11,12
19,12,14
19,13,15
19,14,16
19,15,3
19,16,20
19,17,11
19,18,23
19,19,21
19,20,1
19,21,5
19,22,7
19,23,18
19,24,2
20,0,1
20,1,15
20,2,19
20,3,17
20,4,16
20,5,10
20,6,14
20,7,25
20,8,20
20,9,8
20,10,9
20,11,11
20,12,4
20,13,21
20,14,23
20,15,6
20,16,22
20,17,7
20,18,5
20,19,24
20,20,18
20,21,13
20,22,2
20,23,3
20,24,12
21,0,23
21,1,3
21,2,2
21,3,4
21,4,12
21,5,5
21,6,17
21,7,24
21,8,6
21,9,7
21,10,16
21,11,19
21,12,15
21,13,13
21,14,25
21,15,8
21,16,10
21,17,18
21,18,1
21,19,14
21,20,9
21,21,20
21,22,22
21,23,11
21,24,21
22,0,22
22,1,9
22,2,24
22,3,21
22,4,18
22,5,13
22,6,1
22,7,23
22,8,4
22,9,3
22,10,10
22,11,5
22,12,8
22,13,12
22,14,7
22,15,11
22,16,17
22,17,2
22,18,20
22,19,15
22,20,16
22,21,6
22,22,25
22,23,19
22,24,14
23,0,7
23,1,13
23,2,11
23,3,25
23,4,10
23,5,18
23,6,15
23,7,22
23,8,21
23,9,2
23,10,6
23,11,17
23,12,20
23,13,14
23,14,3
23,15,19
23,16,16
23,17,4
23,18,12
23,19,9
23,20,23
23,21,1
23,22,24
23,23,5
23,24,8
24,0,6
24,1,14
24,2,8
24,3,5
24,4,20
24,5,19
24,6,12
24,7,9
24,8,16
24,9,11
24,10,24
24,11,1
24,12,18
24,13,22
24,14,2
24,15,23
24,16,25
24,17,3
24,18,21
24,19,13
24,20,17
24,21,10
24,22,4
24,23,7
24,24,15
