0,0,11
0,1,7
0,2,16
0,3,22
0,4,10
0,5,12
0,6,18
0,7,3
0,8,20
0,9,13
0,10,14
0,11,19
0,12,2
0,13,4
0,14,1
0,15,5
0,16,17
0,17,6
0,18,15
0,19,8
0,20,25
0,21,24
0,22,21
0,23,9
0,24,23
1,0,3
1,1,2
1,2,5
1,3,12
1,4,25
1,5,1
1,6,24
1,7,21
1,8,9
1,9,19
1,10,8
1,11,18
1,12,10
1,13,15
1,14,13
1,15,14
1,16,4
1,17,23
1,18,7
1,19,20
1,20,22
1,21,6
1,22,11
1,23,17
1,24,16
2,0,24
2,1,15
2,2,14
2,3,4
2,4,20
2,5,23
2,6,7
2,7,10
2,8,16
2,9,6
2,10,5
2,11,17
2,12,22
2,13,12
2,14,3
2,15,9
2,16,11
2,17,1
2,18,21
2,19,25
2,20,19
2,21,2
2,22,18
2,23,13
2,24,8
3,0,21
3,1,23
3,2,1
3,3,13
3,4,9
3,5,17
3,6,15
3,7,2
3,8,4
3,9,8
3,10,25
3,11,11
3,12,16
3,13,7
3,14,6
3,15,19
3,16,3
3,17,18
3,18,24
3,19,22
3,20,10
3,21,5
3,22,20
3,23,14
3,24,12
4,0,8
4,1,19
4,2,6
4,3,17
4,4,18
4,5,14
4,6,5
4,7,11
4,8,25
4,9,22
4,10,9
4,11,24
4,12,21
4,13,20
4,14,23
4,15,16
4,16,10
4,17,12
4,18,13
4,19,2
4,20,3
4,21,4
4,22,1
4,23,15
4,24,7
5,0,9
5,1,17
5,2,24
5,3,11
5,4,15
5,5,7
5,6,12
5,7,20
5,8,23
5,9,14
5,10,19
5,11,4
5,12,6
5,13,13
5,14,5
5,15,21
5,16,2
5,17,25
5,18,1
5,19,3
5,20,18
5,21,8
5,22,16
5,23,22
5,24,10
6,0,10
6,1,5
6,2,13
6,3,20
6,4,4
6,5,18
6,6,8
6,7,17
6,8,6
6,9,24
6,10,22
6,11,21
6,12,3
6,13,2
6,14,25
6,15,12
6,16,9
6,17,16
6,18,19
6,19,15
6,20,1
6,21,11
6,22,23
6,23,7
6,24,14
7,0,1
7,1,22
7,2,8
7,3,16
7,4,7
7,5,21
7,6,19
7,7,15
7,8,11
7,9,25
7,10,23
7,11,20
7,12,14
7,13,18
7,14,12
7,15,17
7,16,5
7,17,4
7,18,10
7,19,13
7,20,24
7,21,9
7,22,3
7,23,2
7,24,6
8,0,19
8,1,3
8,2,23
8,3,6
8,4,12
8,5,5
8,6,4
8,7,1
8,8,22
8,9,2
8,10,24
8,11,9
8,12,11
8,13,16
8,14,10
8,15,8
8,16,20
8,17,7
8,18,18
8,19,14
8,20,13
8,21,25
8,22,15
8,23,21
8,24,17
9,0,25
9,1,14
9,2,18
9,3,2
9,4,21
9,5,16
9,6,9
9,7,13
9,8,3
9,9,10
9,10,1
9,11,15
9,12,8
9,13,17
9,14,7
9,15,24
9,16,22
9,17,11
9,18,23
9,19,6
9,20,4
9,21,20
9,22,19
9,23,12
9,24,5
10,0,6
10,1,9
10,2,25
10,3,10
10,4,24
10,5,19
10,6,2
10,7,18
10,8,14
10,9,1
10,10,17
10,11,8
10,12,12
10,13,21
10,14,20
10,15,7
10,16,16
10,17,13
10,18,22
10,19,11
10,20,5
10,21,23
10,22,4
10,23,3
10,24,15
11,0,20
11,1,12
11,2,3
11,3,15
11,4,5
11,5,6
11,6,17
11,7,4
11,8,8
11,9,16
11,10,13
11,11,23
11,12,7
11,13,9
11,14,11
11,15,10
11,16,1
11,17,24
11,18,2
11,19,21
11,20,14
11,21,19
11,22,22
11,23,25
11,24,18
12,0,17
12,1,18
12,2,11
12,3,19
12,4,23
12,5,13
12,6,21
12,7,22
12,8,15
12,9,20
12,10,16
12,11,3
12,12,1
12,13,5
12,14,2
12,15,25
12,16,12
12,17,14
12,18,9
12,19,4
12,20,6
12,21,7
12,22,10
12,23,8
12,24,24
13,0,14
13,1,16
13,2,4
13,3,21
13,4,13
13,5,11
13,6,10
13,7,24
13,8,7
13,9,12
13,10,6
13,11,25
13,12,18
13,13,19
13,14,22
13,15,15
13,16,8
13,17,5
13,18,3
13,19,23
13,20,2
13,21,1
13,22,17
13,23,20
13,24,9
14,0,2
14,1,8
14,2,7
14,3,1
14,4,22
14,5,9
14,6,25
14,7,23
14,8,5
14,9,3
14,10,15
14,11,10
14,12,4
14,13,24
14,14,14
14,15,18
14,16,19
14,17,20
14,18,6
14,19,17
14,20,16
14,21,13
14,22,12
14,23,11
14,24,21
15,0,22
15,1,4
15,2,9
15,3,8
15,4,16
15,5,10
15,6,14
15,7,5
15,8,17
15,9,15
15,10,7
15,11,12
15,12,25
15,13,1
15,14,19
15,15,2
15,16,23
15,17,21
15,18,20
15,19,18
15,20,11
15,21,3
15,22,6
15,23,24
15,24,13
16,0,15
16,1,20
16,2,17
16,3,5
16,4,1
16,5,25
16,6,22
16,7,8
16,8,24
16,9,11
16,10,2
16,11,14
16,12,23
16,13,6
16,14,21
16,15,4
16,16,13
16,17,3
16,18,16
16,19,9
16,20,12
16,21,18
16,22,7
16,23,10
16,24,19
17,0,23
17,1,11
17,2,21
17,3,24
17,4,3
17,5,20
17,6,1
17,7,7
17,8,13
17,9,18
17,10,4
17,11,22
17,12,15
17,13,8
17,14,16
17,15,6
17,16,14
17,17,19
17,18,12
17,19,10
17,20,9
17,21,17
17,22,25
17,23,5
17,24,2
18,0,12
18,1,10
18,2,19
18,3,18
18,4,14
18,5,4
18,6,23
18,7,6
18,8,2
18,9,9
18,10,3
18,11,13
18,12,24
18,13,11
18,14,17
18,15,1
18,16,25
18,17,22
18,18,5
18,19,7
18,20,21
18,21,15
18,22,8
18,23,16
18,24,20
19,0,13
19,1,25
19,2,2
19,3,7
19,4,6
19,5,3
19,6,16
19,7,12
19,8,19
19,9,21
19,10,18
19,11,5
19,12,20
19,13,10
19,14,9
19,15,11
19,16,15
19,17,17
19,18,8
19,19,24
19,20,23
19,21,22
19,22,14
19,23,1
19,24,4
20,0,5
20,1,13
20,2,12
20,3,9
20,4,19
20,5,2
20,6,20
20,7,25
20,8,10
20,9,23
20,10,21
20,11,1
20,12,17
20,13,3
20,14,8
20,15,22
20,16,18
20,17,15
20,18,4
20,19,16
20,20,7
20,21,14
20,22,24
20,23,6
20,24,11
21,0,18
21,1,21
21,2,22
21,3,14
21,4,8
21,5,15
21,6,6
21,7,19
21,8,12
21,9,5
21,10,11
21,11,2
21,12,13
21,13,23
21,14,24
21,15,3
21,16,7
21,17,10
21,18,17
21,19,1
21,20,20
21,21,16
21,22,9
21,23,4
21,24,25
22,0,4
22,1,1
22,2,10
22,3,3
22,4,2
22,5,24
22,6,13
22,7,14
22,8,21
22,9,7
22,10,20
22,11,16
22,12,9
22,13,25
22,14,15
22,15,23
22,16,6
22,17,8
22,18,11
22,19,19
22,20,17
22,21,12
22,22,5
22,23,18
22,24,22
23,0,16
23,1,6
23,2,15
23,3,23
23,4,17
23,5,22
23,6,11
23,7,9
23,8,1
23,9,4
23,10,10
23,11,7
23,12,5
23,13,14
23,14,18
23,15,20
23,16,24
23,17,2
23,18,25
23,19,12
23,20,8
23,21,21
23,22,13
23,23,19
23,24,3
24,0,7
24,1,24
24,2,20
24,3,25
24,4,11
24,5,8
24,6,3
24,7,16
24,8,18
24,9,17
24,10,12
24,11,6
24,12,19
24,13,22
24,14,4
24,15,13
24,16,21
24,17,9
24,18,14
24,19,5
24,20,15
24,21,10
24,22,2
24,23,23
24,24,1
