0,0,6
0,1,10
0,2,21
0,3,4
0,4,13
0,5,24
0,6,18
0,7,9
0,8,3
0,9,19
0,10,23
0,11,8
0,12,1
0,13,11
0,14,25
0,15,17
0,16,15
0,17,16
0,18,2
0,19,5
0,20,12
0,21,14
0,22,7
0,23,20
0,24,22
1,0,2
1,1,17
1,2,15
1,3,11
1,4,20
1,5,4
1,6,10
1,7,14
1,8,13
1,9,5
1,10,12
1,11,3
1,12,22
1,13,21
1,14,16
1,15,19
1,16,25
1,17,18
1,18,24
1,19,7
1,20,6
1,21,1
1,22,8
1,23,9
1,24,23
2,0,22
2,1,24
2,2,5
2,3,8
2,4,18
2,5,12
2,6,23
2,7,25
2,8,1
2,9,20
2,10,6
2,11,17
2,12,14
2,13,7
2,14,10
2,15,11
2,16,4
2,17,21
2,18,3
2,19,9
2,20,13
2,21,16
2,22,2
2,23,19
2,24,15
3,0,23
3,1,1
3,2,9
3,3,3
3,4,7
3,5,17
3,6,16
3,7,8
3,8,21
3,9,15
3,10,24
3,11,13
3,12,20
3,13,2
3,14,19
3,15,14
3,16,6
3,17,10
3,18,12
3,19,22
3,20,18
3,21,25
3,22,11
3,23,5
3,24,4
4,0,19
4,1,25
4,2,16
4,3,14
4,4,12
4,5,22
4,6,6
4,7,2
4,8,11
4,9,7
4,10,4
4,11,15
4,12,18
4,13,5
4,14,9
4,15,13
4,16,1
4,17,23
4,18,8
4,19,20
4,20,21
4,21,24
4,22,10
4,23,3
4,24,17
5,0,24
5,1,11
5,2,22
5,3,16
5,4,4
5,5,19
5,6,21
5,7,10
5,8,7
5,9,8
5,10,2
5,11,9
5,12,5
5,13,14
5,14,23
5,15,25
5,16,18
5,17,3
5,18,13
5,19,15
5,20,17
5,21,20
5,22,6
5,23,12
5,24,1
6,0,1
6,1,14
6,2,7
6,3,23
6,4,6
6,5,25
6,6,5
6,7,13
6,8,24
6,9,11
6,10,3
6,11,4
6,12,16
6,13,15
6,14,21
6,15,12
6,16,20
6,17,17
6,18,9
6,19,8
6,20,10
6,21,22
6,22,19
6,23,2
6,24,18
7,0,15
7,1,12
7,2,17
7,3,18
7,4,8
7,5,3
7,6,4
7,7,1
7,8,14
7,9,22
7,10,10
7,11,25
7,12,24
7,13,13
7,14,20
7,15,6
7,16,2
7,17,11
7,18,5
7,19,19
7,20,7
7,21,23
7,22,16
7,23,21
7,24,9
8,0,10
8,1,3
8,2,20
8,3,25
8,4,2
8,5,9
8,6,17
8,7,12
8,8,6
8,9,18
8,10,1
8,11,11
8,12,8
8,13,19
8,14,22
8,15,16
8,16,21
8,17,7
8,18,23
8,19,4
8,20,15
8,21,13
8,22,24
8,23,14
8,24,5
9,0,21
9,1,9
9,2,19
9,3,13
9,4,5
9,5,2
9,6,20
9,7,23
9,8,15
9,9,16
9,10,18
9,11,7
9,12,17
9,13,6
9,14,12
9,15,10
9,16,24
9,17,1
9,18,22
9,19,14
9,20,25
9,21,11
9,22,3
9,23,4
9,24,8
10,0,14
10,1,23
10,2,6
10,3,2
10,4,17
10,5,16
10,6,1
10,7,4
10,8,12
10,9,24
10,10,13
10,11,20
10,12,21
10,13,10
10,14,18
10,15,8
10,16,19
10,17,9
10,18,11
10,19,25
10,20,5
10,21,3
10,22,15
10,23,22
10,24,7
11,0,9
11,1,16
11,2,11
11,3,12
11,4,24
11,5,6
11,6,7
11,7,22
11,8,23
11,9,13
11,10,19
11,11,5
11,12,15
11,13,1
11,14,4
11,15,18
11,16,3
11,17,20
11,18,10
11,19,2
11,20,14
11,21,8
11,22,17
11,23,25
11,24,21
12,0,8
12,1,13
12,2,10
12,3,1
12,4,22
12,5,18
12,6,15
12,7,19
12,8,25
12,9,2
12,10,17
12,11,14
12,12,6
12,13,9
12,14,3
12,15,7
12,16,5
12,17,24
12,18,4
12,19,21
12,20,11
12,21,12
12,22,23
12,23,16
12,24,20
13,0,4
13,1,21
13,2,18
13,3,7
13,4,25
13,5,20
13,6,3
13,7,5
13,8,9
13,9,10
13,10,16
13,11,12
13,12,11
13,13,8
13,14,2
13,15,15
13,16,14
13,17,22
13,18,17
13,19,23
13,20,19
13,21,6
13,22,13
13,23,1
13,24,24
14,0,5
14,1,15
14,2,3
14,3,20
14,4,19
14,5,8
14,6,14
14,7,11
14,8,17
14,9,21
14,10,25
14,11,23
14,12,7
14,13,22
14,14,24
14,15,1
14,16,13
14,17,12
14,18,6
14,19,16
14,20,9
14,21,2
14,22,4
14,23,18
14,24,10
15,0,17
15,1,5
15,2,2
15,3,6
15,4,10
15,5,7
15,6,13
15,7,24
15,8,22
15,9,25
15,10,8
15,11,21
15,12,12
15,13,16
15,14,14
15,15,23
15,16,9
15,17,4
15,18,15
15,19,1
15,20,20
15,21,19
15,22,18
15,23,11
15,24,3
16,0,13
16,1,8
16,2,1
16,3,9
16,4,16
16,5,10
16,6,19
16,7,21
16,8,20
16,9,4
16,10,15
16,11,6
16,12,3
16,13,18
16,14,17
16,15,22
16,16,7
16,17,25
16,18,14
16,19,11
16,20,23
16,21,5
16,22,12
16,23,24
16,24,2
17,0,3
17,1,4
17,2,12
17,3,24
17,4,21
17,5,14
17,6,2
17,7,15
17,8,8
17,9,6
17,10,20
17,11,10
17,12,19
17,13,23
17,14,11
17,15,5
17,16,17
17,17,13
17,18,16
17,19,18
17,20,22
17,21,9
17,22,1
17,23,7
17,24,25
18,0,7
18,1,19
18,2,23
18,3,15
18,4,14
18,5,5
18,6,11
18,7,17
18,8,18
18,9,9
18,10,22
18,11,1
18,12,25
18,13,4
18,14,13
18,15,24
18,16,12
18,17,2
18,18,20
18,19,3
18,20,16
18,21,10
18,22,21
18,23,8
18,24,6
19,0,18
19,1,20
19,2,25
19,3,22
19,4,11
19,5,1
19,6,12
19,7,3
19,8,16
19,9,23
19,10,5
19,11,2
19,12,9
19,13,24
19,14,7
19,15,21
19,16,10
19,17,8
19,18,19
19,19,6
19,20,4
19,21,17
19,22,14
19,23,15
19,24,13
20,0,25
20,1,7
20,2,13
20,3,5
20,4,9
20,5,11
20,6,22
20,7,16
20,8,10
20,9,1
20,10,14
20,11,18
20,12,2
20,13,12
20,14,8
20,15,3
20,16,23
20,17,15
20,18,21
20,19,17
20,20,24
20,21,4
20,22,20
20,23,6
20,24,19
21,0,20
21,1,18
21,2,24
21,3,10
21,4,1
21,5,15
21,6,25
21,7,6
21,8,19
21,9,12
21,10,11
21,11,22
21,12,4
21,13,17
21,14,5
21,15,2
21,16,8
21,17,14
21,18,7
21,19,13
21,20,3
21,21,21
21,22,9
21,23,23
21,24,16
22,0,11
22,1,6
22,2,8
22,3,17
22,4,15
22,5,23
22,6,9
22,7,18
22,8,5
22,9,3
22,10,21
22,11,24
22,12,13
22,13,20
22,14,1
22,15,4
22,16,16
22,17,19
22,18,25
22,19,12
22,20,2
22,21,7
22,22,22
22,23,10
22,24,14
23,0,16
23,1,22
23,2,4
23,3,21
23,4,23
23,5,13
23,6,8
23,7,7
23,8,2
23,9,14
23,10,9
23,11,19
23,12,10
23,13,3
23,14,6
23,15,20
23,16,11
23,17,5
23,18,18
23,19,24
23,20,1
23,21,15
23,22,25
23,23,17
23,24,12
24,0,12
24,1,2
24,2,14
24,3,19
24,4,3
24,5,21
24,6,24
24,7,20
24,8,4
24,9,17
24,10,7
24,11,16
24,12,23
24,13,25
24,14,15
24,15,9
24,16,22
24,17,6
24,18,1
24,19,10
24,20,8
24,21,18
24,22,5
24,23,13
24,24,11
