0,0,23
0,1,21
0,2,13
0,3,2
0,4,25
0,5,17
0,6,15
0,7,14
0,8,7
0,9,12
0,10,9
0,11,24
0,12,16
0,13,10
0,14,1
0,15,19
0,16,4
0,17,11
0,18,8
0,19,3
0,20,6
0,21,18
0,22,20
0,23,22
0,24,5
1,0,1
1,1,14
1,2,8
1,3,6
1,4,12
1,5,2
1,6,5
1,7,20
1,8,18
1,9,10
1,10,4
1,11,15
1,12,11
1,13,13
1,14,19
1,15,25
1,16,23
1,17,21
1,18,22
1,19,24
1,20,3
1,21,9
1,22,7
1,23,17
1,24,16
2,0,11
2,1,17
2,2,18
2,3,22
2,4,20
2,5,4
2,6,8
2,7,16
2,8,24
2,9,3
2,10,5
2,11,14
2,12,21
2,13,7
2,14,12
2,15,1
2,16,9
2,17,15
2,18,10
2,19,6
2,20,13
2,21,25
2,22,19
2,23,2
2,24,23
3,0,10
3,1,15
3,2,3
3,3,5
3,4,7
3,5,11
3,6,19
3,7,9
3,8,1
3,9,25
3,10,18
3,11,6
3,12,20
3,13,22
3,14,23
3,15,17
3,16,13
3,17,16
3,18,2
3,19,14
3,20,21
3,21,12
3,22,24
3,23,8
3,24,4
4,0,9
4,1,16
4,2,24
4,3,19
4,4,4
4,5,23
4,6,13
4,7,6
4,8,22
4,9,21
4,10,8
4,11,2
4,12,25
4,13,17
4,14,3
4,15,12
4,16,5
4,17,18
4,18,7
4,19,20
4,20,10
4,21,11
4,22,15
4,23,1
4,24,14
5,0,13
5,1,25
5,2,21
5,3,18
5,4,2
5,5,24
5,6,17
5,7,15
5,8,6
5,9,7
5,10,23
5,11,8
5,12,12
5,13,19
5,14,4
5,15,11
5,16,20
5,17,14
5,18,5
5,19,9
5,20,16
5,21,3
5,22,1
5,23,10
5,24,22
6,0,7
6,1,5
6,2,19
6,3,8
6,4,22
6,5,14
6,6,16
6,7,13
6,8,12
6,9,4
6,10,3
6,11,10
6,12,1
6,13,9
6,14,21
6,15,15
6,16,24
6,17,17
6,18,23
6,19,2
6,20,11
6,21,20
6,22,25
6,23,18
6,24,6
7,0,3
7,1,6
7,2,15
7,3,12
7,4,14
7,5,18
7,6,21
7,7,22
7,8,9
7,9,1
7,10,20
7,11,7
7,12,13
7,13,11
7,14,17
7,15,16
7,16,8
7,17,10
7,18,25
7,19,4
7,20,24
7,21,5
7,22,23
7,23,19
7,24,2
8,0,17
8,1,20
8,2,9
8,3,4
8,4,11
8,5,5
8,6,10
8,7,25
8,8,23
8,9,19
8,10,22
8,11,16
8,12,18
8,13,24
8,14,2
8,15,21
8,16,6
8,17,12
8,18,3
8,19,1
8,20,8
8,21,13
8,22,14
8,23,7
8,24,15
9,0,16
9,1,10
9,2,1
9,3,23
9,4,24
9,5,8
9,6,3
9,7,2
9,8,11
9,9,20
9,10,14
9,11,5
9,12,6
9,13,25
9,14,15
9,15,22
9,16,7
9,17,19
9,18,13
9,19,18
9,20,12
9,21,4
9,22,17
9,23,9
9,24,21
10,0,15
10,1,7
10,2,25
10,3,16
10,4,21
10,5,10
10,6,12
10,7,4
10,8,8
10,9,11
10,10,13
10,11,18
10,12,9
10,13,5
10,14,14
10,15,24
10,16,1
10,17,2
10,18,20
10,19,22
10,20,19
10,21,23
10,22,3
10,23,6
10,24,17
11,0,18
11,1,2
11,2,22
11,3,20
11,4,5
11,5,1
11,6,23
11,7,7
11,8,17
11,9,15
11,10,6
11,11,25
11,12,19
11,13,21
11,14,8
11,15,10
11,16,16
11,17,3
11,18,9
11,19,13
11,20,14
11,21,24
11,22,4
11,23,11
11,24,12
12,0,4
12,1,19
12,2,12
12,3,10
12,4,6
12,5,20
12,6,14
12,7,24
12,8,13
12,9,9
12,10,16
12,11,11
12,12,3
12,13,15
12,14,22
12,15,18
12,16,21
12,17,23
12,18,17
12,19,7
12,20,2
12,21,8
12,22,5
12,23,25
12,24,1
13,0,14
13,1,3
13,2,23
13,3,1
13,4,9
13,5,21
13,6,25
13,7,5
13,8,16
13,9,22
13,10,17
13,11,12
13,12,4
13,13,2
13,14,24
13,15,6
13,16,19
13,17,8
13,18,15
13,19,11
13,20,18
13,21,10
13,22,13
13,23,20
13,24,7
14,0,24
14,1,8
14,2,17
14,3,11
14,4,13
14,5,3
14,6,6
14,7,19
14,8,2
14,9,18
14,10,10
14,11,1
14,12,23
14,13,20
14,14,7
14,15,5
14,16,14
14,17,4
14,18,12
14,19,25
14,20,22
14,21,21
14,22,16
14,23,15
14,24,9
15,0,21
15,1,24
15,2,7
15,3,13
15,4,16
15,5,25
15,6,9
15,7,10
15,8,15
15,9,8
15,10,19
15,11,4
15,12,5
15,13,18
15,14,20
15,15,2
15,16,11
15,17,6
15,18,14
15,19,23
15,20,17
15,21,1
15,22,22
15,23,12
15,24,3
16,0,5
16,1,23
16,2,20
16,3,14
16,4,3
16,5,7
16,6,24
16,7,18
16,8,4
16,9,17
16,10,12
16,11,21
16,12,8
16,13,1
16,14,6
16,15,9
16,16,22
16,17,25
16,18,19
16,19,10
16,20,15
16,21,2
16,22,11
16,23,16
16,24,13
17,0,2
17,1,12
17,2,11
17,3,9
17,4,1
17,5,6
17,6,20
17,7,3
17,8,5
17,9,14
17,10,24
17,11,17
17,12,22
17,13,23
17,14,16
17,15,7
17,16,15
17,17,13
17,18,18
17,19,21
17,20,25
17,21,19
17,22,10
17,23,4
17,24,8
18,0,8
18,1,4
18,2,10
18,3,17
18,4,18
18,5,22
18,6,2
18,7,11
18,8,19
18,9,13
18,10,15
18,11,9
18,12,7
18,13,3
18,14,25
18,15,20
18,16,12
18,17,5
18,18,1
18,19,16
18,20,23
18,21,14
18,22,6
18,23,21
18,24,24
19,0,19
19,1,22
19,2,6
19,3,25
19,4,15
19,5,12
19,6,1
19,7,23
19,8,21
19,9,16
19,10,2
19,11,13
19,12,10
19,13,14
19,14,11
19,15,8
19,16,3
19,17,24
19,18,4
19,19,17
19,20,20
19,21,7
19,22,9
19,23,5
19,24,18
20,0,25
20,1,9
20,2,2
20,3,3
20,4,8
20,5,15
20,6,22
20,7,17
20,8,14
20,9,5
20,10,7
20,11,23
20,12,24
20,13,12
20,14,18
20,15,4
20,16,10
20,17,20
20,18,6
20,19,19
20,20,1
20,21,16
20,22,21
20,23,13
20,24,11
21,0,22
21,1,18
21,2,16
21,3,15
21,4,19
21,5,13
21,6,4
21,7,21
21,8,10
21,9,23
21,10,1
21,11,20
21,12,14
21,13,8
21,14,5
21,15,3
21,16,17
21,17,7
21,18,11
21,19,12
21,20,9
21,21,6
21,22,2
21,23,24
21,24,25
22,0,6
22,1,13
22,2,4
22,3,7
22,4,10
22,5,19
22,6,11
22,7,12
22,8,3
22,9,2
22,10,21
22,11,22
22,12,15
22,13,16
22,14,9
22,15,14
22,16,25
22,17,1
22,18,24
22,19,8
22,20,5
22,21,17
22,22,18
22,23,23
22,24,20
23,0,12
23,1,11
23,2,14
23,3,21
23,4,17
23,5,9
23,6,7
23,7,1
23,8,20
23,9,24
23,10,25
23,11,19
23,12,2
23,13,6
23,14,13
23,15,23
23,16,18
23,17,22
23,18,16
23,19,5
23,20,4
23,21,15
23,22,8
23,23,3
23,24,10
24,0,20
24,1,1
24,2,5
24,3,24
24,4,23
24,5,16
24,6,18
24,7,8
24,8,25
24,9,6
24,10,11
24,11,3
24,12,17
24,13,4
24,14,10
24,15,13
24,16,2
24,17,9
24,18,21
24,19,15
24,20,7
24,21,22
24,22,12
24,23,14
24,24,19
