0,0,6
0,1,5
0,2,21
0,3,23
0,4,24
0,5,17
0,6,20
0,7,11
0,8,22
0,9,25
0,10,4
0,11,18
0,12,12
0,13,19
0,14,13
0,15,1
0,16,9
0,17,14
0,18,3
0,19,7
0,20,15
0,21,8
0,22,16
0,23,2
0,24,10
1,0,7
1,1,10
1,2,19
1,3,1
1,4,13
1,5,9
1,6,23
1,7,6
1,8,14
1,9,8
1,10,11
1,11,25
1,12,15
1,13,16
1,14,20
1,15,12
1,16,24
1,17,2
1,18,17
1,19,21
1,20,18
1,21,3
1,22,22
1,23,4
1,24,5
2,0,11
2,1,16
2,2,3
2,3,20
2,4,8
2,5,24
2,6,21
2,7,15
2,8,12
2,9,4
2,10,22
2,11,6
2,12,1
2,13,9
2,14,2
2,15,5
2,16,18
2,17,10
2,18,19
2,19,25
2,20,23
2,21,7
2,22,17
2,23,14
2,24,13
3,0,25
3,1,12
3,2,2
3,3,17
3,4,15
3,5,10
3,6,18
3,7,1
3,8,13
3,9,16
3,10,23
3,11,7
3,12,3
3,13,14
3,14,5
3,15,20
3,16,6
3,17,22
3,18,4
3,19,8
3,20,9
3,21,24
3,22,11
3,23,21
3,24,19
4,0,18
4,1,9
4,2,14
4,3,22
4,4,4
4,5,2
4,6,3
4,7,19
4,8,7
4,9,5
4,10,8
4,11,21
4,12,10
4,13,24
4,14,17
4,15,16
4,16,11
4,17,13
4,18,23
4,19,15
4,20,6
4,21,20
4,22,12
4,23,1
4,24,25
5,0,24
5,1,11
5,2,1
5,3,14
5,4,22
5,5,15
5,6,6
5,7,17
5,8,4
5,9,23
5,10,5
5,11,9
5,12,13
5,13,10
5,14,18
5,15,21
5,16,2
5,17,7
5,18,16
5,19,12
5,20,19
5,21,25
5,22,8
5,23,3
5,24,20
6,0,4
6,1,15
6,2,5
6,3,18
6,4,16
6,5,11
6,6,24
6,7,12
6,8,21
6,9,9
6,10,17
6,11,22
6,12,14
6,13,20
6,14,25
6,15,13
6,16,8
6,17,19
6,18,10
6,19,3
6,20,1
6,21,2
6,22,23
6,23,6
6,24,7
7,0,23
7,1,13
7,2,7
7,3,12
7,4,25
7,5,22
7,6,5
7,7,14
7,8,2
7,9,3
7,10,15
7,11,1
7,12,16
7,13,8
7,14,19
7,15,9
7,16,4
7,17,20
7,18,24
7,19,6
7,20,17
7,21,10
7,22,18
7,23,11
7,24,21
8,0,3
8,1,20
8,2,6
8,3,9
8,4,21
8,5,7
8,6,19
8,7,25
8,8,8
8,9,10
8,10,2
8,11,24
8,12,23
8,13,12
8,14,4
8,15,17
8,16,1
8,17,18
8,18,22
8,19,11
8,20,13
8,21,5
8,22,14
8,23,15
8,24,16
9,0,19
9,1,8
9,2,17
9,3,2
9,4,10
9,5,13
9,6,1
9,7,20
9,8,16
9,9,18
9,10,21
9,11,11
9,12,7
9,13,6
9,14,3
9,15,15
9,16,25
9,17,23
9,18,5
9,19,14
9,20,4
9,21,9
9,22,24
9,23,12
9,24,22
10,0,8
10,1,24
10,2,10
10,3,15
10,4,3
10,5,4
10,6,17
10,7,21
10,8,25
10,9,19
10,10,13
10,11,5
10,12,22
10,13,23
10,14,11
10,15,7
10,16,20
10,17,16
10,18,6
10,19,1
10,20,14
10,21,12
10,22,9
10,23,18
10,24,2
11,0,12
11,1,22
11,2,4
11,3,5
11,4,19
11,5,8
11,6,13
11,7,3
11,8,24
11,9,14
11,10,25
11,11,2
11,12,6
11,13,15
11,14,16
11,15,10
11,16,21
11,17,9
11,18,11
11,19,18
11,20,20
11,21,1
11,22,7
11,23,23
11,24,17
12,0,13
12,1,17
12,2,18
12,3,16
12,4,9
12,5,1
12,6,2
12,7,7
12,8,6
12,9,15
12,10,3
12,11,20
12,12,19
12,13,21
12,14,8
12,15,4
12,16,23
12,17,12
12,18,14
12,19,22
12,20,25
12,21,11
12,22,10
12,23,5
12,24,24
13,0,14
13,1,21
13,2,20
13,3,25
13,4,1
13,5,18
13,6,12
13,7,10
13,8,23
13,9,11
13,10,9
13,11,17
13,12,4
13,13,7
13,14,24
13,15,2
13,16,5
13,17,3
13,18,13
13,19,19
13,20,16
13,21,6
13,22,15
13,23,22
13,24,8
14,0,2
14,1,6
14,2,23
14,3,11
14,4,7
14,5,20
14,6,16
14,7,9
14,8,5
14,9,22
14,10,12
14,11,14
14,12,18
14,13,1
14,14,10
14,15,8
14,16,15
14,17,24
14,18,25
14,19,17
14,20,3
14,21,19
14,22,21
14,23,13
14,24,4
15,0,17
15,1,1
15,2,8
15,3,7
15,4,11
15,5,16
15,6,22
15,7,2
15,8,15
15,9,21
15,10,20
15,11,4
15,12,25
15,13,13
15,14,23
15,15,24
15,16,3
15,17,6
15,18,12
15,19,10
15,20,5
15,21,14
15,22,19
15,23,9
15,24,18
16,0,15
16,1,4
16,2,24
16,3,3
16,4,23
16,5,19
16,6,9
16,7,8
16,8,18
16,9,20
16,10,6
16,11,10
16,12,17
16,13,2
16,14,21
16,15,25
16,16,14
16,17,5
16,18,1
16,19,16
16,20,12
16,21,22
16,22,13
16,23,7
16,24,11
17,0,9
17,1,18
17,2,16
17,3,13
17,4,6
17,5,23
17,6,14
17,7,5
17,8,10
17,9,12
17,10,1
17,11,15
17,12,24
17,13,11
17,14,7
17,15,22
17,16,19
17,17,21
17,18,2
17,19,4
17,20,8
17,21,17
17,22,20
17,23,25
17,24,3
18,0,5
18,1,19
18,2,12
18,3,10
18,4,14
18,5,6
18,6,25
18,7,4
18,8,11
18,9,17
18,10,16
18,11,3
18,12,9
18,13,18
18,14,22
18,15,23
18,16,13
18,17,8
18,18,7
18,19,20
18,20,2
18,21,21
18,22,1
18,23,24
18,24,15
19,0,22
19,1,2
19,2,25
19,3,21
19,4,20
19,5,3
19,6,7
19,7,24
19,8,1
19,9,13
19,10,19
19,11,12
19,12,8
19,13,5
19,14,14
19,15,11
19,16,17
19,17,15
19,18,18
19,19,9
19,20,10
19,21,23
19,22,4
19,23,16
19,24,6
20,0,1
20,1,23
20,2,22
20,3,19
20,4,2
20,5,21
20,6,11
20,7,18
20,8,17
20,9,6
20,10,10
20,11,16
20,12,5
20,13,25
20,14,9
20,15,14
20,16,7
20,17,4
20,18,8
20,19,13
20,20,24
20,21,15
20,22,3
20,23,20
20,24,12
21,0,20
21,1,7
21,2,11
21,3,6
21,4,17
21,5,14
21,6,4
21,7,13
21,8,3
21,9,24
21,10,18
21,11,8
21,12,2
21,13,22
21,14,15
21,15,19
21,16,12
21,17,1
21,18,9
21,19,5
21,20,21
21,21,16
21,22,25
21,23,10
21,24,23
22,0,16
22,1,14
22,2,15
22,3,4
22,4,18
22,5,25
22,6,8
22,7,23
22,8,9
22,9,2
22,10,7
22,11,19
22,12,21
22,13,3
22,14,12
22,15,6
22,16,10
22,17,11
22,18,20
22,19,24
22,20,22
22,21,13
22,22,5
22,23,17
22,24,1
23,0,10
23,1,25
23,2,9
23,3,8
23,4,12
23,5,5
23,6,15
23,7,16
23,8,20
23,9,1
23,10,24
23,11,13
23,12,11
23,13,4
23,14,6
23,15,3
23,16,22
23,17,17
23,18,21
23,19,23
23,20,7
23,21,18
23,22,2
23,23,19
23,24,14
24,0,21
24,1,3
24,2,13
24,3,24
24,4,5
24,5,12
24,6,10
24,7,22
24,8,19
24,9,7
24,10,14
24,11,23
24,12,20
24,13,17
24,14,1
24,15,18
24,16,16
24,17,25
24,18,15
24,19,2
24,20,11
24,21,4
24,22,6
24,23,8
24,24,9
