0,0,14
0,1,4
0,2,12
0,3,8
0,4,25
0,5,15
0,6,21
0,7,3
0,8,5
0,9,20
0,10,23
0,11,11
0,12,19
0,13,16
0,14,18
0,15,13
0,16,6
0,17,7
0,18,9
0,19,17
0,20,24
0,21,10
0,22,22
0,23,2
0,24,1
1,0,15
1,1,18
1,2,5
1,3,1
1,4,21
1,5,22
1,6,13
1,7,6
1,8,7
1,9,16
1,10,2
1,11,4
1,12,25
1,13,10
1,14,3
1,15,20
1,16,23
1,17,24
1,18,11
1,19,8
1,20,17
1,21,12
1,22,9
1,23,14
1,24,19
2,0,7
2,1,2
2,2,16
2,3,19
2,4,6
2,5,11
2,6,25
2,7,17
2,8,10
2,9,18
2,10,13
2,11,24
2,12,9
2,13,21
2,14,14
2,15,22
2,16,1
2,17,3
2,18,4
2,19,12
2,20,23
2,21,20
2,22,8
2,23,5
2,24,15
3,0,10
3,1,23
3,2,11
3,3,13
3,4,22
3,5,1
3,6,9
3,7,12
3,8,24
3,9,14
3,10,15
3,11,20
3,12,17
3,13,5
3,14,8
3,15,25
3,16,19
3,17,16
3,18,21
3,19,2
3,20,18
3,21,4
3,22,6
3,23,7
3,24,3
4,0,3
4,1,9
4,2,24
4,3,17
4,4,20
4,5,2
4,6,4
4,7,19
4,8,8
4,9,23
4,10,1
4,11,6
4,12,7
4,13,12
4,14,22
4,15,10
4,16,14
4,17,18
4,18,5
4,19,15
4,20,21
4,21,16
4,22,25
4,23,13
4,24,11
5,0,20
5,1,8
5,2,17
5,3,9
5,4,1
5,5,10
5,6,23
5,7,22
5,8,4
5,9,12
5,10,18
5,11,14
5,12,16
5,13,3
5,14,7
5,15,21
5,16,24
5,17,19
5,18,15
5,19,6
5,20,13
5,21,5
5,22,11
5,23,25
5,24,2
6,0,25
6,1,15
6,2,3
6,3,22
6,4,10
6,5,21
6,6,18
6,7,16
6,8,19
6,9,5
6,10,9
6,11,12
6,12,1
6,13,24
6,14,13
6,15,11
6,16,8
6,17,20
6,18,2
6,19,7
6,20,14
6,21,23
6,22,4
6,23,17
6,24,6
7,0,16
7,1,11
7,2,14
7,3,24
7,4,2
7,5,3
7,6,6
7,7,8
7,8,25
7,9,17
7,10,21
7,11,19
7,12,23
7,13,22
7,14,15
7,15,5
7,16,12
7,17,4
7,18,13
7,19,18
7,20,7
7,21,9
7,22,1
7,23,10
7,24,20
8,0,13
8,1,21
8,2,23
8,3,18
8,4,7
8,5,20
8,6,14
8,7,24
8,8,11
8,9,2
8,10,6
8,11,25
8,12,5
8,13,4
8,14,17
8,15,1
8,16,22
8,17,9
8,18,10
8,19,16
8,20,15
8,21,3
8,22,19
8,23,8
8,24,12
9,0,5
9,1,19
9,2,6
9,3,12
9,4,4
9,5,13
9,6,7
9,7,1
9,8,15
9,9,9
9,10,8
9,11,2
9,12,20
9,13,11
9,14,10
9,15,23
9,16,25
9,17,14
9,18,17
9,19,3
9,20,22
9,21,24
9,22,18
9,23,21
9,24,16
10,0,23
10,1,1
10,2,4
10,3,10
10,4,19
10,5,17
10,6,5
10,7,25
10,8,3
10,9,6
10,10,11
10,11,8
10,12,2
10,13,7
10,14,24
10,15,9
10,16,15
10,17,12
10,18,16
10,19,22
10,20,20
10,21,14
10,22,21
10,23,18
10,24,13
11,0,22
11,1,7
11,2,8
11,3,20
11,4,12
11,5,19
11,6,11
11,7,18
11,8,16
11,9,10
11,10,25
11,11,13
11,12,3
11,13,9
11,14,6
11,15,14
11,16,4
11,17,23
11,18,24
11,19,21
11,20,5
11,21,2
11,22,15
11,23,1
11,24,17
12,0,11
12,1,24
12,2,2
12,3,3
12,4,14
12,5,23
12,6,1
12,7,20
12,8,21
12,9,8
12,10,19
12,11,10
12,12,4
12,13,15
12,14,5
12,15,6
12,16,18
12,17,17
12,18,7
12,19,13
12,20,12
12,21,25
12,22,16
12,23,22
12,24,9
13,0,21
13,1,17
13,2,18
13,3,25
13,4,15
13,5,7
13,6,22
13,7,2
13,8,9
13,9,13
13,10,16
13,11,1
13,12,14
13,13,23
13,14,12
13,15,3
13,16,20
13,17,11
13,18,19
13,19,5
13,20,4
13,21,6
13,22,10
13,23,24
13,24,8
14,0,9
14,1,5
14,2,13
14,3,6
14,4,16
14,5,24
14,6,15
14,7,14
14,8,12
14,9,4
14,10,20
14,11,22
14,12,18
14,13,17
14,14,21
14,15,2
14,16,10
14,17,8
14,18,25
14,19,1
14,20,11
14,21,7
14,22,3
14,23,19
14,24,23
15,0,1
15,1,14
15,2,9
15,3,21
15,4,23
15,5,18
15,6,17
15,7,7
15,8,6
15,9,22
15,10,12
15,11,15
15,12,10
15,13,13
15,14,4
15,15,19
15,16,3
15,17,5
15,18,8
15,19,20
15,20,2
15,21,11
15,22,24
15,23,16
15,24,25
16,0,18
16,1,12
16,2,15
16,3,5
16,4,3
16,5,9
16,6,10
16,7,23
16,8,20
16,9,11
16,10,24
16,11,21
16,12,8
16,13,14
16,14,2
16,15,16
16,16,13
16,17,6
16,18,22
16,19,25
16,20,19
16,21,1
16,22,17
16,23,4
16,24,7
17,0,19
17,1,22
17,2,25
17,3,7
17,4,13
17,5,12
17,6,16
17,7,4
17,8,2
17,9,15
17,10,3
17,11,9
17,12,11
17,13,20
17,14,23
17,15,18
17,16,17
17,17,21
17,18,1
17,19,24
17,20,10
17,21,8
17,22,5
17,23,6
17,24,14
18,0,8
18,1,16
18,2,10
18,3,2
18,4,24
18,5,25
18,6,19
18,7,5
18,8,13
18,9,3
18,10,17
18,11,7
18,12,6
18,13,18
18,14,1
18,15,12
18,16,11
18,17,15
18,18,14
18,19,4
18,20,9
18,21,21
18,22,23
18,23,20
18,24,22
19,0,4
19,1,6
19,2,20
19,3,11
19,4,17
19,5,8
19,6,24
19,7,21
19,8,14
19,9,1
19,10,5
19,11,16
19,12,22
19,13,25
19,14,19
19,15,7
19,16,9
19,17,2
19,18,23
19,19,10
19,20,3
19,21,15
19,22,13
19,23,12
19,24,18
20,0,24
20,1,13
20,2,19
20,3,15
20,4,11
20,5,14
20,6,3
20,7,10
20,8,22
20,9,21
20,10,4
20,11,18
20,12,12
20,13,6
20,14,16
20,15,8
20,16,2
20,17,1
20,18,20
20,19,23
20,20,25
20,21,17
20,22,7
20,23,9
20,24,5
21,0,12
21,1,20
21,2,1
21,3,4
21,4,5
21,5,6
21,6,8
21,7,15
21,8,23
21,9,25
21,10,10
21,11,3
21,12,24
21,13,19
21,14,9
21,15,17
21,16,7
21,17,22
21,18,18
21,19,14
21,20,16
21,21,13
21,22,2
21,23,11
21,24,21
22,0,17
22,1,25
22,2,22
22,3,16
22,4,8
22,5,4
22,6,12
22,7,9
22,8,1
22,9,19
22,10,7
22,11,5
22,12,13
22,13,2
22,14,20
22,15,15
22,16,21
22,17,10
22,18,3
22,19,11
22,20,6
22,21,18
22,22,14
22,23,23
22,24,24
23,0,2
23,1,10
23,2,21
23,3,14
23,4,18
23,5,5
23,6,20
23,7,13
23,8,17
23,9,7
23,10,22
23,11,23
23,12,15
23,13,8
23,14,11
23,15,24
23,16,16
23,17,25
23,18,6
23,19,9
23,20,1
23,21,19
23,22,12
23,23,3
23,24,4
24,0,6
24,1,3
24,2,7
24,3,23
24,4,9
24,5,16
24,6,2
24,7,11
24,8,18
24,9,24
24,10,14
24,11,17
24,12,21
24,13,1
24,14,25
24,15,4
24,16,5
24,17,13
24,18,12
24,19,19
24,20,8
24,21,22
24,22,20
24,23,15
24,24,10
