0,0,6
0,1,5
0,2,1
0,3,12
0,4,7
0,5,13
0,6,10
0,7,3
0,8,4
0,9,15
0,10,17
0,11,16
0,12,20
0,13,8
0,14,23
0,15,25
0,16,11
0,17,21
0,18,14
0,19,19
0,20,9
0,21,24
0,22,2
0,23,22
0,24,18
1,0,22
1,1,16
1,2,10
1,3,15
1,4,21
1,5,5
1,6,9
1,7,19
1,8,1
1,9,18
1,10,24
1,11,7
1,12,3
1,13,4
1,14,14
1,15,23
1,16,6
1,17,12
1,18,2
1,19,17
1,20,11
1,21,13
1,22,8
1,23,20
1,24,25
2,0,19
2,1,20
2,2,23
2,3,18
2,4,17
2,5,2
2,6,6
2,7,21
2,8,8
2,9,11
2,10,9
2,11,12
2,12,22
2,13,10
2,14,25
2,15,13
2,16,16
2,17,24
2,18,4
2,19,7
2,20,15
2,21,14
2,22,1
2,23,3
2,24,5
3,0,2
3,1,3
3,2,14
3,3,25
3,4,24
3,5,22
3,6,7
3,7,17
3,8,16
3,9,23
3,10,13
3,11,5
3,12,11
3,13,18
3,14,15
3,15,1
3,16,20
3,17,9
3,18,8
3,19,10
3,20,6
3,21,21
3,22,12
3,23,19
3,24,4
4,0,11
4,1,13
4,2,9
4,3,4
4,4,8
4,5,25
4,6,24
4,7,12
4,8,20
4,9,14
4,10,6
4,11,1
4,12,2
4,13,19
4,14,21
4,15,15
4,16,3
4,17,18
4,18,22
4,19,5
4,20,23
4,21,17
4,22,16
4,23,7
4,24,10
5,0,17
5,1,4
5,2,6
5,3,19
5,4,12
5,5,14
5,6,2
5,7,9
5,8,23
5,9,16
5,10,5
5,11,3
5,12,18
5,13,15
5,14,20
5,15,21
5,16,8
5,17,7
5,18,11
5,19,22
5,20,25
5,21,1
5,22,13
5,23,10
5,24,24
6,0,10
6,1,8
6,2,13
6,3,2
6,4,11
6,5,7
6,6,12
6,7,6
6,8,5
6,9,17
6,10,19
6,11,22
6,12,21
6,13,23
6,14,24
6,15,9
6,16,18
6,17,20
6,18,25
6,19,1
6,20,4
6,21,16
6,22,3
6,23,15
6,24,14
7,0,1
7,1,24
7,2,18
7,3,16
7,4,14
7,5,15
7,6,4
7,7,10
7,8,22
7,9,21
7,10,11
7,11,25
7,12,7
7,13,9
7,14,13
7,15,6
7,16,17
7,17,19
7,18,12
7,19,3
7,20,5
7,21,20
7,22,23
7,23,8
7,24,2
8,0,9
8,1,25
8,2,22
8,3,21
8,4,5
8,5,8
8,6,20
8,7,11
8,8,3
8,9,24
8,10,1
8,11,6
8,12,16
8,13,14
8,14,4
8,15,2
8,16,10
8,17,23
8,18,15
8,19,13
8,20,18
8,21,7
8,22,19
8,23,12
8,24,17
9,0,15
9,1,23
9,2,7
9,3,3
9,4,20
9,5,18
9,6,13
9,7,25
9,8,19
9,9,1
9,10,2
9,11,17
9,12,10
9,13,12
9,14,8
9,15,16
9,16,5
9,17,14
9,18,24
9,19,4
9,20,22
9,21,6
9,22,21
9,23,9
9,24,11
10,0,13
10,1,19
10,2,20
10,3,22
10,4,18
10,5,17
10,6,8
10,7,4
10,8,15
10,9,9
10,10,21
10,11,2
10,12,14
10,13,6
10,14,16
10,15,5
10,16,1
10,17,25
10,18,3
10,19,12
10,20,10
10,21,11
10,22,7
10,23,24
10,24,23
11,0,7
11,1,11
11,2,3
11,3,5
11,4,6
11,5,12
11,6,23
11,7,24
11,8,13
11,9,25
11,10,22
11,11,10
11,12,1
11,13,17
11,14,19
11,15,20
11,16,4
11,17,16
11,18,9
11,19,14
11,20,21
11,21,18
11,22,15
11,23,2
11,24,8
12,0,12
12,1,9
12,2,2
12,3,10
12,4,1
12,5,16
12,6,14
12,7,5
12,8,11
12,9,7
12,10,15
12,11,4
12,12,25
12,13,24
12,14,18
12,15,22
12,16,19
12,17,8
12,18,21
12,19,23
12,20,17
12,21,3
12,22,20
12,23,13
12,24,6
13,0,14
13,1,21
13,2,15
13,3,8
13,4,16
13,5,20
13,6,19
13,7,18
13,8,6
13,9,2
13,10,3
13,11,23
13,12,12
13,13,13
13,14,9
13,15,17
13,16,24
13,17,10
13,18,7
13,19,11
13,20,1
13,21,25
13,22,5
13,23,4
13,24,22
14,0,4
14,1,17
14,2,24
14,3,23
14,4,25
14,5,21
14,6,22
14,7,1
14,8,10
14,9,3
14,10,7
14,11,8
14,12,5
14,13,20
14,14,11
14,15,18
14,16,2
14,17,15
14,18,13
14,19,6
14,20,19
14,21,12
14,22,9
14,23,14
14,24,16
15,0,16
15,1,18
15,2,17
15,3,13
15,4,19
15,5,23
15,6,3
15,7,2
15,8,7
15,9,6
15,10,14
15,11,11
15,12,8
15,13,25
15,14,1
15,15,10
15,16,22
15,17,4
15,18,20
15,19,9
15,20,12
15,21,5
15,22,24
15,23,21
15,24,15
16,0,5
16,1,15
16,2,11
16,3,24
16,4,4
16,5,9
16,6,18
16,7,16
16,8,17
16,9,20
16,10,10
16,11,13
16,12,23
16,13,3
16,14,12
16,15,8
16,16,14
16,17,1
16,18,19
16,19,21
16,20,2
16,21,22
16,22,25
16,23,6
16,24,7
17,0,8
17,1,22
17,2,21
17,3,1
17,4,2
17,5,10
17,6,25
17,7,14
17,8,24
17,9,13
17,10,4
17,11,15
17,12,9
17,13,5
17,14,7
17,15,12
17,16,23
17,17,6
17,18,16
17,19,18
17,20,20
17,21,19
17,22,17
17,23,11
17,24,3
18,0,20
18,1,6
18,2,12
18,3,9
18,4,10
18,5,4
18,6,11
18,7,15
18,8,21
18,9,5
18,10,18
18,11,24
18,12,19
18,13,22
18,14,2
18,15,3
18,16,7
18,17,13
18,18,17
18,19,25
18,20,16
18,21,8
18,22,14
18,23,23
18,24,1
19,0,3
19,1,7
19,2,25
19,3,14
19,4,23
19,5,19
19,6,1
19,7,8
19,8,12
19,9,22
19,10,20
19,11,21
19,12,17
19,13,16
19,14,6
19,15,11
19,16,15
19,17,2
19,18,5
19,19,24
19,20,13
19,21,4
19,22,10
19,23,18
19,24,9
20,0,21
20,1,12
20,2,8
20,3,6
20,4,15
20,5,3
20,6,5
20,7,7
20,8,14
20,9,10
20,10,23
20,11,19
20,12,13
20,13,2
20,14,22
20,15,4
20,16,25
20,17,17
20,18,18
20,19,16
20,20,24
20,21,9
20,22,11
20,23,1
20,24,20
21,0,23
21,1,2
21,2,5
21,3,7
21,4,13
21,5,11
21,6,17
21,7,20
21,8,9
21,9,12
21,10,16
21,11,14
21,12,4
21,13,1
21,14,10
21,15,24
21,16,21
21,17,22
21,18,6
21,19,8
21,20,3
21,21,15
21,22,18
21,23,25
21,24,19
22,0,25
22,1,1
22,2,16
22,3,11
22,4,9
22,5,24
22,6,15
22,7,22
22,8,18
22,9,8
22,10,12
22,11,20
22,12,6
22,13,7
22,14,5
22,15,19
22,16,13
22,17,3
22,18,10
22,19,2
22,20,14
22,21,23
22,22,4
22,23,17
22,24,21
23,0,24
23,1,10
23,2,19
23,3,17
23,4,22
23,5,1
23,6,21
23,7,13
23,8,25
23,9,4
23,10,8
23,11,18
23,12,15
23,13,11
23,14,3
23,15,14
23,16,9
23,17,5
23,18,23
23,19,20
23,20,7
23,21,2
23,22,6
23,23,16
23,24,12
24,0,18
24,1,14
24,2,4
24,3,20
24,4,3
24,5,6
24,6,16
24,7,23
24,8,2
24,9,19
24,10,25
24,11,9
24,12,24
24,13,21
24,14,17
24,15,7
24,16,12
24,17,11
24,18,1
24,19,15
24,20,8
24,21,10
24,22,22
24,23,5
24,24,13
