0,0,5
0,1,14
0,2,16
0,3,23
0,4,19
0,5,21
0,6,20
0,7,2
0,8,3
0,9,9
0,10,17
0,11,22
0,12,11
0,13,4
0,14,18
0,15,1
0,16,7
0,17,13
0,18,12
0,19,24
0,20,15
0,21,8
0,22,25
0,23,6
0,24,10
1,0,25
1,1,17
1,2,22
1,3,15
1,4,9
1,5,8
1,6,6
1,7,4
1,8,18
1,9,1
1,10,3
1,11,23
1,12,24
1,13,16
1,14,21
1,15,10
1,16,5
1,17,14
1,18,20
1,19,19
1,20,7
1,21,2
1,22,11
1,23,12
1,24,13
2,0,6
2,1,11
2,2,21
2,3,20
2,4,13
2,5,19
2,6,10
2,7,5
2,8,17
2,9,12
2,10,8
2,11,14
2,12,9
2,13,25
2,14,7
2,15,3
2,16,4
2,17,22
2,18,2
2,19,15
2,20,18
2,21,1
2,22,24
2,23,23
2,24,16
3,0,7
3,1,10
3,2,4
3,3,24
3,4,2
3,5,23
3,6,11
3,7,14
3,8,16
3,9,13
3,10,15
3,11,6
3,12,12
3,13,5
3,14,1
3,15,21
3,16,18
3,17,8
3,18,9
3,19,25
3,20,20
3,21,17
3,22,19
3,23,22
3,24,3
4,0,18
4,1,3
4,2,8
4,3,1
4,4,12
4,5,15
4,6,7
4,7,25
4,8,24
4,9,22
4,10,10
4,11,20
4,12,19
4,13,13
4,14,2
4,15,17
4,16,6
4,17,23
4,18,16
4,19,11
4,20,9
4,21,5
4,22,21
4,23,4
4,24,14
5,0,11
5,1,22
5,2,6
5,3,19
5,4,3
5,5,17
5,6,24
5,7,15
5,8,5
5,9,7
5,10,21
5,11,16
5,12,23
5,13,10
5,14,20
5,15,9
5,16,2
5,17,25
5,18,8
5,19,18
5,20,12
5,21,4
5,22,14
5,23,13
5,24,1
6,0,8
6,1,15
6,2,2
6,3,18
6,4,1
6,5,12
6,6,25
6,7,10
6,8,13
6,9,14
6,10,9
6,11,24
6,12,7
6,13,19
6,14,4
6,15,20
6,16,3
6,17,11
6,18,5
6,19,16
6,20,6
6,21,23
6,22,22
6,23,21
6,24,17
7,0,13
7,1,12
7,2,9
7,3,4
7,4,16
7,5,18
7,6,8
7,7,22
7,8,20
7,9,21
7,10,5
7,11,1
7,12,6
7,13,3
7,14,11
7,15,23
7,16,19
7,17,17
7,18,14
7,19,7
7,20,24
7,21,25
7,22,10
7,23,15
7,24,2
8,0,14
8,1,25
8,2,24
8,3,7
8,4,17
8,5,4
8,6,9
8,7,16
8,8,23
8,9,6
8,10,13
8,11,18
8,12,2
8,13,8
8,14,22
8,15,12
8,16,10
8,17,15
8,18,1
8,19,21
8,20,19
8,21,11
8,22,3
8,23,20
8,24,5
9,0,20
9,1,23
9,2,5
9,3,10
9,4,21
9,5,3
9,6,1
9,7,19
9,8,11
9,9,2
9,10,12
9,11,25
9,12,15
9,13,14
9,14,17
9,15,6
9,16,13
9,17,24
9,18,4
9,19,22
9,20,16
9,21,7
9,22,8
9,23,9
9,24,18
10,0,12
10,1,20
10,2,17
10,3,2
10,4,22
10,5,14
10,6,15
10,7,6
10,8,10
10,9,23
10,10,7
10,11,8
10,12,3
10,13,24
10,14,19
10,15,16
10,16,25
10,17,1
10,18,21
10,19,5
10,20,11
10,21,9
10,22,13
10,23,18
10,24,4
11,0,15
11,1,16
11,2,7
11,3,25
11,4,11
11,5,9
11,6,21
11,7,3
11,8,12
11,9,8
11,10,2
11,11,5
11,12,4
11,13,20
11,14,13
11,15,18
11,16,23
11,17,19
11,18,24
11,19,10
11,20,1
11,21,14
11,22,6
11,23,17
11,24,22
12,0,21
12,1,18
12,2,23
12,3,8
12,4,4
12,5,13
12,6,19
12,7,1
12,8,25
12,9,16
12,10,6
12,11,9
12,12,10
12,13,17
12,14,14
12,15,22
12,16,11
12,17,2
12,18,3
12,19,20
12,20,5
12,21,12
12,22,15
12,23,24
12,24,7
13,0,9
13,1,24
13,2,10
13,3,3
13,4,5
13,5,22
13,6,2
13,7,17
13,8,4
13,9,20
13,10,1
13,11,11
13,12,18
13,13,23
13,14,15
13,15,14
13,16,12
13,17,6
13,18,7
13,19,13
13,20,8
13,21,21
13,22,16
13,23,19
13,24,25
14,0,19
14,1,1
14,2,13
14,3,14
14,4,6
14,5,11
14,6,18
14,7,24
14,8,7
14,9,5
14,10,22
14,11,12
14,12,25
14,13,21
14,14,16
14,15,8
14,16,15
14,17,4
14,18,17
14,19,9
14,20,2
14,21,3
14,22,20
14,23,10
14,24,23
15,0,3
15,1,21
15,2,15
15,3,6
15,4,7
15,5,5
15,6,22
15,7,20
15,8,2
15,9,10
15,10,4
15,11,19
15,12,1
15,13,9
15,14,8
15,15,24
15,16,14
15,17,16
15,18,13
15,19,23
15,20,17
15,21,18
15,22,12
15,23,25
15,24,11
16,0,1
16,1,13
16,2,12
16,3,22
16,4,18
16,5,24
16,6,3
16,7,8
16,8,14
16,9,25
16,10,20
16,11,17
16,12,16
16,13,11
16,14,10
16,15,2
16,16,21
16,17,9
16,18,6
16,19,4
16,20,23
16,21,15
16,22,5
16,23,7
16,24,19
17,0,17
17,1,8
17,2,14
17,3,5
17,4,25
17,5,16
17,6,23
17,7,9
17,8,1
17,9,11
17,10,24
17,11,15
17,12,21
17,13,7
17,14,12
17,15,19
17,16,20
17,17,18
17,18,10
17,19,3
17,20,13
17,21,22
17,22,4
17,23,2
17,24,6
18,0,23
18,1,9
18,2,19
18,3,16
18,4,10
18,5,6
18,6,4
18,7,12
18,8,21
18,9,15
18,10,18
18,11,2
18,12,13
18,13,22
18,14,5
18,15,11
18,16,8
18,17,7
18,18,25
18,19,17
18,20,3
18,21,20
18,22,1
18,23,14
18,24,24
19,0,2
19,1,4
19,2,20
19,3,11
19,4,24
19,5,7
19,6,17
19,7,13
19,8,19
19,9,18
19,10,23
19,11,3
19,12,14
19,13,6
19,14,25
19,15,5
19,16,22
19,17,12
19,18,15
19,19,1
19,20,21
19,21,10
19,22,9
19,23,16
19,24,8
20,0,4
20,1,19
20,2,25
20,3,13
20,4,14
20,5,1
20,6,5
20,7,11
20,8,9
20,9,17
20,10,16
20,11,10
20,12,20
20,13,15
20,14,3
20,15,7
20,16,24
20,17,21
20,18,23
20,19,2
20,20,22
20,21,6
20,22,18
20,23,8
20,24,12
21,0,24
21,1,6
21,2,11
21,3,12
21,4,20
21,5,25
21,6,13
21,7,21
21,8,8
21,9,3
21,10,19
21,11,7
21,12,22
21,13,2
21,14,9
21,15,4
21,16,17
21,17,5
21,18,18
21,19,14
21,20,10
21,21,16
21,22,23
21,23,1
21,24,15
22,0,16
22,1,5
22,2,1
22,3,21
22,4,8
22,5,2
22,6,14
22,7,18
22,8,22
22,9,4
22,10,11
22,11,13
22,12,17
22,13,12
22,14,23
22,15,15
22,16,9
22,17,10
22,18,19
22,19,6
22,20,25
22,21,24
22,22,7
22,23,3
22,24,20
23,0,22
23,1,2
23,2,3
23,3,9
23,4,23
23,5,10
23,6,16
23,7,7
23,8,15
23,9,24
23,10,25
23,11,4
23,12,8
23,13,18
23,14,6
23,15,13
23,16,1
23,17,20
23,18,11
23,19,12
23,20,14
23,21,19
23,22,17
23,23,5
23,24,21
24,0,10
24,1,7
24,2,18
24,3,17
24,4,15
24,5,20
24,6,12
24,7,23
24,8,6
24,9,19
24,10,14
24,11,21
24,12,5
24,13,1
24,14,24
24,15,25
24,16,16
24,17,3
24,18,22
24,19,8
24,20,4
24,21,13
24,22,2
24,23,11
24,24,9
