0,0,8
0,1,7
0,2,1
0,3,6
0,4,20
0,5,9
0,6,3
0,7,4
0,8,13
0,9,19
0,10,24
0,11,15
0,12,11
0,13,12
0,14,16
0,15,21
0,16,25
0,17,22
0,18,2
0,19,23
0,20,14
0,21,17
0,22,5
0,23,10
0,24,18
1,0,9
1,1,15
1,2,14
1,3,3
1,4,22
1,5,6
1,6,2
1,7,16
1,8,18
1,9,1
1,10,13
1,11,19
1,12,5
1,13,10
1,14,21
1,15,11
1,16,17
1,17,8
1,18,12
1,19,4
1,20,7
1,21,24
1,22,25
1,23,23
1,24,20
2,0,18
2,1,2
2,2,13
2,3,11
2,4,17
2,5,21
2,6,23
2,7,14
2,8,5
2,9,7
2,10,4
2,11,22
2,12,8
2,13,3
2,14,25
2,15,16
2,16,20
2,17,15
2,18,10
2,19,24
2,20,6
2,21,1
2,22,12
2,23,9
2,24,19
3,0,21
3,1,4
3,2,23
3,3,16
3,4,5
3,5,12
3,6,8
3,7,10
3,8,24
3,9,25
3,10,20
3,11,7
3,12,9
3,13,1
3,14,17
3,15,18
3,16,13
3,17,14
3,18,6
3,19,19
3,20,11
3,21,22
3,22,15
3,23,3
3,24,2
4,0,24
4,1,25
4,2,10
4,3,19
4,4,12
4,5,15
4,6,11
4,7,22
4,8,20
4,9,17
4,10,23
4,11,6
4,12,14
4,13,2
4,14,18
4,15,5
4,16,1
4,17,9
4,18,7
4,19,3
4,20,21
4,21,13
4,22,4
4,23,8
4,24,16
5,0,16
5,1,22
5,2,19
5,3,4
5,4,3
5,5,11
5,6,21
5,7,9
5,8,23
5,9,12
5,10,6
5,11,13
5,12,1
5,13,25
5,14,14
5,15,7
5,16,24
5,17,10
5,18,17
5,19,15
5,20,8
5,21,2
5,22,20
5,23,18
5,24,5
6,0,13
6,1,1
6,2,8
6,3,9
6,4,15
6,5,18
6,6,6
6,7,7
6,8,17
6,9,10
6,10,3
6,11,12
6,12,16
6,13,20
6,14,19
6,15,22
6,16,11
6,17,4
6,18,5
6,19,2
6,20,23
6,21,14
6,22,21
6,23,25
6,24,24
7,0,7
7,1,24
7,2,20
7,3,5
7,4,23
7,5,2
7,6,16
7,7,1
7,8,3
7,9,4
7,10,22
7,11,17
7,12,10
7,13,21
7,14,8
7,15,19
7,16,14
7,17,18
7,18,25
7,19,6
7,20,13
7,21,9
7,22,11
7,23,15
7,24,12
8,0,10
8,1,17
8,2,11
8,3,12
8,4,14
8,5,19
8,6,15
8,7,25
8,8,8
8,9,5
8,10,7
8,11,24
8,12,2
8,13,18
8,14,9
8,15,1
8,16,21
8,17,23
8,18,20
8,19,13
8,20,22
8,21,3
8,22,16
8,23,4
8,24,6
9,0,6
9,1,21
9,2,18
9,3,2
9,4,25
9,5,14
9,6,20
9,7,13
9,8,22
9,9,24
9,10,5
9,11,11
9,12,15
9,13,4
9,14,23
9,15,12
9,16,8
9,17,3
9,18,16
9,19,9
9,20,19
9,21,10
9,22,7
9,23,17
9,24,1
10,0,1
10,1,5
10,2,21
10,3,17
10,4,18
10,5,7
10,6,19
10,7,8
10,8,9
10,9,23
10,10,2
10,11,16
10,12,3
10,13,11
10,14,20
10,15,10
10,16,15
10,17,12
10,18,24
10,19,25
10,20,4
10,21,6
10,22,13
10,23,14
10,24,22
11,0,19
11,1,14
11,2,24
11,3,25
11,4,9
11,5,20
11,6,17
11,7,2
11,8,10
11,9,18
11,10,15
11,11,5
11,12,12
11,13,6
11,14,13
11,15,4
11,16,7
11,17,21
11,18,8
11,19,22
11,20,3
11,21,23
11,22,1
11,23,16
11,24,11
12,0,12
12,1,20
12,2,4
12,3,7
12,4,11
12,5,13
12,6,22
12,7,3
12,8,1
12,9,16
12,10,25
12,11,14
12,12,18
12,13,17
12,14,24
12,15,9
12,16,19
12,17,6
12,18,23
12,19,5
12,20,2
12,21,15
12,22,10
12,23,21
12,24,8
13,0,3
13,1,23
13,2,15
13,3,10
13,4,16
13,5,4
13,6,12
13,7,21
13,8,6
13,9,14
13,10,1
13,11,8
13,12,7
13,13,9
13,14,22
13,15,2
13,16,18
13,17,17
13,18,13
13,19,11
13,20,24
13,21,20
13,22,19
13,23,5
13,24,25
14,0,22
14,1,13
14,2,6
14,3,8
14,4,2
14,5,25
14,6,24
14,7,5
14,8,11
14,9,15
14,10,19
14,11,4
14,12,21
14,13,23
14,14,10
14,15,20
14,16,3
14,17,16
14,18,14
14,19,1
14,20,18
14,21,12
14,22,9
14,23,7
14,24,17
15,0,11
15,1,3
15,2,5
15,3,14
15,4,10
15,5,22
15,6,13
15,7,20
15,8,2
15,9,8
15,10,16
15,11,25
15,12,6
15,13,19
15,14,7
15,15,23
15,16,12
15,17,24
15,18,15
15,19,21
15,20,17
15,21,4
15,22,18
15,23,1
15,24,9
16,0,2
16,1,18
16,2,25
16,3,1
16,4,6
16,5,17
16,6,5
16,7,19
16,8,16
16,9,9
16,10,8
16,11,21
16,12,24
16,13,15
16,14,4
16,15,13
16,16,22
16,17,11
16,18,3
16,19,10
16,20,20
16,21,7
16,22,14
16,23,12
16,24,23
17,0,4
17,1,12
17,2,22
17,3,15
17,4,13
17,5,1
17,6,7
17,7,23
17,8,25
17,9,6
17,10,10
17,11,2
17,12,17
17,13,5
17,14,3
17,15,14
17,16,9
17,17,19
17,18,18
17,19,20
17,20,16
17,21,11
17,22,8
17,23,24
17,24,21
18,0,17
18,1,8
18,2,9
18,3,23
18,4,7
18,5,24
18,6,14
18,7,15
18,8,4
18,9,21
18,10,12
18,11,18
18,12,20
18,13,22
18,14,11
18,15,25
18,16,6
18,17,5
18,18,1
18,19,16
18,20,10
18,21,19
18,22,2
18,23,13
18,24,3
19,0,20
19,1,19
19,2,16
19,3,21
19,4,24
19,5,3
19,6,10
19,7,18
19,8,12
19,9,11
19,10,14
19,11,9
19,12,23
19,13,13
19,14,1
19,15,17
19,16,2
19,17,7
19,18,4
19,19,8
19,20,5
19,21,25
19,22,22
19,23,6
19,24,15
20,0,14
20,1,16
20,2,2
20,3,13
20,4,4
20,5,5
20,6,9
20,7,11
20,8,7
20,9,3
20,10,17
20,11,20
20,12,19
20,13,24
20,14,12
20,15,15
20,16,23
20,17,1
20,18,21
20,19,18
20,20,25
20,21,8
20,22,6
20,23,22
20,24,10
21,0,15
21,1,9
21,2,7
21,3,22
21,4,8
21,5,10
21,6,25
21,7,17
21,8,14
21,9,2
21,10,18
21,11,23
21,12,4
21,13,16
21,14,6
21,15,24
21,16,5
21,17,20
21,18,11
21,19,12
21,20,1
21,21,21
21,22,3
21,23,19
21,24,13
22,0,25
22,1,6
22,2,3
22,3,20
22,4,1
22,5,23
22,6,4
22,7,12
22,8,19
22,9,22
22,10,21
22,11,10
22,12,13
22,13,14
22,14,5
22,15,8
22,16,16
22,17,2
22,18,9
22,19,17
22,20,15
22,21,18
22,22,24
22,23,11
22,24,7
23,0,23
23,1,10
23,2,12
23,3,24
23,4,19
23,5,16
23,6,18
23,7,6
23,8,21
23,9,20
23,10,11
23,11,1
23,12,25
23,13,8
23,14,15
23,15,3
23,16,4
23,17,13
23,18,22
23,19,7
23,20,9
23,21,5
23,22,17
23,23,2
23,24,14
24,0,5
24,1,11
24,2,17
24,3,18
24,4,21
24,5,8
24,6,1
24,7,24
24,8,15
24,9,13
24,10,9
24,11,3
24,12,22
24,13,7
24,14,2
24,15,6
24,16,10
24,17,25
24,18,19
24,19,14
24,20,12
24,21,16
24,22,23
24,23,20
24,24,4
