0,0,12
0,1,7
0,2,15
0,3,10
0,4,21
0,5,23
0,6,17
0,7,14
0,8,8
0,9,13
0,10,22
0,11,9
0,12,4
0,13,11
0,14,1
0,15,3
0,16,6
0,17,25
0,18,24
0,19,16
0,20,2
0,21,20
0,22,18
0,23,19
0,24,5
1,0,13
1,1,11
1,2,1
1,3,17
1,4,5
1,5,22
1,6,25
1,7,3
1,8,9
1,9,21
1,10,24
1,11,6
1,12,10
1,13,15
1,14,14
1,15,7
1,16,2
1,17,18
1,18,19
1,19,20
1,20,23
1,21,8
1,22,4
1,23,16
1,24,12
2,0,22
2,1,23
2,2,2
2,3,9
2,4,20
2,5,16
2,6,12
2,7,15
2,8,18
2,9,7
2,10,19
2,11,21
2,12,3
2,13,25
2,14,8
2,15,4
2,16,17
2,17,13
2,18,1
2,19,5
2,20,11
2,21,10
2,22,6
2,23,24
2,24,14
3,0,19
3,1,24
3,2,18
3,3,4
3,4,8
3,5,20
3,6,2
3,7,11
3,8,6
3,9,1
3,10,12
3,11,5
3,12,16
3,13,13
3,14,17
3,15,15
3,16,23
3,17,14
3,18,21
3,19,10
3,20,3
3,21,9
3,22,22
3,23,25
3,24,7
4,0,25
4,1,3
4,2,14
4,3,6
4,4,16
4,5,19
4,6,24
4,7,5
4,8,10
4,9,4
4,10,7
4,11,18
4,12,23
4,13,20
4,14,2
4,15,9
4,16,12
4,17,22
4,18,11
4,19,8
4,20,21
4,21,13
4,22,1
4,23,17
4,24,15
5,0,17
5,1,10
5,2,5
5,3,20
5,4,15
5,5,14
5,6,6
5,7,9
5,8,11
5,9,18
5,10,23
5,11,8
5,12,24
5,13,7
5,14,22
5,15,16
5,16,4
5,17,21
5,18,25
5,19,2
5,20,13
5,21,12
5,22,3
5,23,1
5,24,19
6,0,8
6,1,6
6,2,25
6,3,22
6,4,13
6,5,21
6,6,10
6,7,12
6,8,16
6,9,5
6,10,3
6,11,2
6,12,11
6,13,17
6,14,19
6,15,14
6,16,7
6,17,24
6,18,20
6,19,1
6,20,9
6,21,18
6,22,23
6,23,15
6,24,4
7,0,21
7,1,19
7,2,23
7,3,1
7,4,12
7,5,4
7,6,7
7,7,25
7,8,3
7,9,22
7,10,10
7,11,13
7,12,14
7,13,18
7,14,6
7,15,5
7,16,15
7,17,9
7,18,17
7,19,11
7,20,20
7,21,16
7,22,8
7,23,2
7,24,24
8,0,11
8,1,14
8,2,9
8,3,24
8,4,18
8,5,1
8,6,23
8,7,19
8,8,2
8,9,17
8,10,16
8,11,25
8,12,15
8,13,4
8,14,20
8,15,8
8,16,13
8,17,6
8,18,12
8,19,3
8,20,10
8,21,7
8,22,5
8,23,22
8,24,21
9,0,16
9,1,4
9,2,7
9,3,2
9,4,3
9,5,8
9,6,13
9,7,20
9,8,15
9,9,24
9,10,5
9,11,12
9,12,21
9,13,1
9,14,9
9,15,19
9,16,10
9,17,23
9,18,18
9,19,22
9,20,14
9,21,11
9,22,17
9,23,6
9,24,25
10,0,5
10,1,9
10,2,6
10,3,23
10,4,1
10,5,10
10,6,19
10,7,7
10,8,4
10,9,16
10,10,17
10,11,14
10,12,22
10,13,2
10,14,13
10,15,21
10,16,11
10,17,8
10,18,15
10,19,12
10,20,24
10,21,25
10,22,20
10,23,3
10,24,18
11,0,2
11,1,12
11,2,4
11,3,8
11,4,22
11,5,6
11,6,18
11,7,1
11,8,24
11,9,14
11,10,21
11,11,15
11,12,9
11,13,3
11,14,11
11,15,23
11,16,25
11,17,20
11,18,7
11,19,17
11,20,5
11,21,19
11,22,16
11,23,10
11,24,13
12,0,10
12,1,15
12,2,13
12,3,18
12,4,19
12,5,17
12,6,21
12,7,2
12,8,20
12,9,11
12,10,25
12,11,7
12,12,5
12,13,8
12,14,16
12,15,24
12,16,1
12,17,3
12,18,14
12,19,4
12,20,12
12,21,22
12,22,9
12,23,23
12,24,6
13,0,20
13,1,25
13,2,21
13,3,11
13,4,24
13,5,3
13,6,8
13,7,13
13,8,5
13,9,15
13,10,18
13,11,10
13,12,6
13,13,12
13,14,23
13,15,2
13,16,9
13,17,16
13,18,22
13,19,19
13,20,4
13,21,17
13,22,7
13,23,14
13,24,1
14,0,14
14,1,17
14,2,3
14,3,16
14,4,7
14,5,9
14,6,22
14,7,23
14,8,25
14,9,12
14,10,1
14,11,19
14,12,20
14,13,24
14,14,4
14,15,6
14,16,5
14,17,10
14,18,13
14,19,18
14,20,15
14,21,21
14,22,11
14,23,8
14,24,2
15,0,18
15,1,5
15,2,12
15,3,21
15,4,11
15,5,24
15,6,3
15,7,17
15,8,1
15,9,2
15,10,6
15,11,16
15,12,7
15,13,22
15,14,10
15,15,13
15,16,19
15,17,15
15,18,23
15,19,9
15,20,8
15,21,14
15,22,25
15,23,4
15,24,20
16,0,24
16,1,16
16,2,10
16,3,25
16,4,9
16,5,7
16,6,14
16,7,6
16,8,19
16,9,20
16,10,4
16,11,11
16,12,17
16,13,23
16,14,18
16,15,22
16,16,8
16,17,12
16,18,2
16,19,21
16,20,1
16,21,15
16,22,13
16,23,5
16,24,3
17,0,6
17,1,2
17,2,20
17,3,7
17,4,23
17,5,12
17,6,11
17,7,4
17,8,22
17,9,10
17,10,13
17,11,1
17,12,8
17,13,14
17,14,15
17,15,17
17,16,18
17,17,5
17,18,3
17,19,25
17,20,19
17,21,24
17,22,21
17,23,9
17,24,16
18,0,15
18,1,22
18,2,8
18,3,14
18,4,17
18,5,18
18,6,5
18,7,21
18,8,13
18,9,25
18,10,9
18,11,3
18,12,12
18,13,19
18,14,24
18,15,1
18,16,20
18,17,4
18,18,16
18,19,6
18,20,7
18,21,23
18,22,2
18,23,11
18,24,10
19,0,1
19,1,13
19,2,19
19,3,3
19,4,4
19,5,15
19,6,9
19,7,16
19,8,23
19,9,8
19,10,2
19,11,20
19,12,25
19,13,5
19,14,21
19,15,11
19,16,24
19,17,7
19,18,10
19,19,14
19,20,22
19,21,6
19,22,12
19,23,18
19,24,17
20,0,23
20,1,21
20,2,22
20,3,13
20,4,2
20,5,11
20,6,20
20,7,8
20,8,7
20,9,6
20,10,14
20,11,24
20,12,1
20,13,10
20,14,3
20,15,18
20,16,16
20,17,17
20,18,4
20,19,15
20,20,25
20,21,5
20,22,19
20,23,12
20,24,9
21,0,7
21,1,18
21,2,24
21,3,19
21,4,25
21,5,2
21,6,16
21,7,10
21,8,14
21,9,3
21,10,20
21,11,4
21,12,13
21,13,9
21,14,5
21,15,12
21,16,22
21,17,11
21,18,6
21,19,23
21,20,17
21,21,1
21,22,15
21,23,21
21,24,8
22,0,3
22,1,8
22,2,11
22,3,12
22,4,6
22,5,5
22,6,1
22,7,24
22,8,17
22,9,19
22,10,15
22,11,23
22,12,18
22,13,21
22,14,25
22,15,20
22,16,14
22,17,2
22,18,9
22,19,13
22,20,16
22,21,4
22,22,10
22,23,7
22,24,22
23,0,4
23,1,20
23,2,16
23,3,5
23,4,14
23,5,25
23,6,15
23,7,22
23,8,21
23,9,9
23,10,11
23,11,17
23,12,19
23,13,6
23,14,12
23,15,10
23,16,3
23,17,1
23,18,8
23,19,7
23,20,18
23,21,2
23,22,24
23,23,13
23,24,23
24,0,9
24,1,1
24,2,17
24,3,15
24,4,10
24,5,13
24,6,4
24,7,18
24,8,12
24,9,23
24,10,8
24,11,22
24,12,2
24,13,16
24,14,7
24,15,25
24,16,21
24,17,19
24,18,5
24,19,24
24,20,6
24,21,3
24,22,14
24,23,20
24,24,11
