0,0,24
0,1,21
0,2,11
0,3,18
0,4,6
0,5,12
0,6,13
0,7,1
0,8,22
0,9,2
0,10,23
0,11,17
0,12,15
0,13,20
0,14,3
0,15,7
0,16,19
0,17,9
0,18,5
0,19,10
0,20,16
0,21,25
0,22,4
0,23,14
0,24,8
1,0,1
1,1,10
1,2,8
1,3,23
1,4,22
1,5,3
1,6,5
1,7,14
1,8,18
1,9,11
1,10,24
1,11,4
1,12,6
1,13,25
1,14,19
1,15,17
1,16,16
1,17,2
1,18,20
1,19,13
1,20,7
1,21,21
1,22,9
1,23,12
1,24,15
2,0,13
2,1,14
2,2,16
2,3,15
2,4,3
2,5,19
2,6,25
2,7,4
2,8,17
2,9,9
2,10,18
2,11,10
2,12,2
2,13,11
2,14,7
2,15,12
2,16,21
2,17,24
2,18,8
2,19,22
2,20,20
2,21,23
2,22,6
2,23,1
2,24,5
3,0,17
3,1,5
3,2,7
3,3,4
3,4,12
3,5,20
3,6,10
3,7,23
3,8,6
3,9,8
3,10,22
3,11,16
3,12,21
3,13,9
3,14,1
3,15,15
3,16,18
3,17,3
3,18,14
3,19,25
3,20,13
3,21,24
3,22,2
3,23,11
3,24,19
4,0,2
4,1,20
4,2,25
4,3,9
4,4,19
4,5,16
4,6,7
4,7,24
4,8,15
4,9,21
4,10,13
4,11,12
4,12,5
4,13,8
4,14,14
4,15,6
4,16,23
4,17,4
4,18,11
4,19,1
4,20,18
4,21,22
4,22,10
4,23,17
4,24,3
5,0,4
5,1,9
5,2,2
5,3,20
5,4,1
5,5,24
5,6,14
5,7,12
5,8,19
5,9,13
5,10,17
5,11,7
5,12,8
5,13,15
5,14,10
5,15,18
5,16,3
5,17,6
5,18,25
5,19,5
5,20,22
5,21,16
5,22,11
5,23,23
5,24,21
6,0,3
6,1,6
6,2,17
6,3,14
6,4,11
6,5,22
6,6,8
6,7,18
6,8,5
6,9,1
6,10,4
6,11,20
6,12,9
6,13,23
6,14,21
6,15,10
6,16,24
6,17,12
6,18,19
6,19,16
6,20,25
6,21,15
6,22,13
6,23,2
6,24,7
7,0,12
7,1,23
7,2,5
7,3,13
7,4,10
7,5,15
7,6,21
7,7,11
7,8,20
7,9,6
7,10,19
7,11,25
7,12,18
7,13,2
7,14,16
7,15,4
7,16,22
7,17,7
7,18,1
7,19,17
7,20,8
7,21,14
7,22,24
7,23,3
7,24,9
8,0,21
8,1,16
8,2,24
8,3,19
8,4,7
8,5,2
8,6,3
8,7,25
8,8,4
8,9,10
8,10,6
8,11,13
8,12,11
8,13,22
8,14,5
8,15,9
8,16,14
8,17,23
8,18,15
8,19,8
8,20,12
8,21,1
8,22,20
8,23,18
8,24,17
9,0,25
9,1,18
9,2,15
9,3,22
9,4,8
9,5,23
9,6,17
9,7,16
9,8,9
9,9,7
9,10,14
9,11,3
9,12,1
9,13,24
9,14,12
9,15,21
9,16,11
9,17,13
9,18,2
9,19,20
9,20,10
9,21,19
9,22,5
9,23,4
9,24,6
10,0,23
10,1,13
10,2,1
10,3,2
10,4,18
10,5,7
10,6,24
10,7,17
10,8,12
10,9,25
10,10,15
10,11,8
10,12,22
10,13,3
10,14,4
10,15,19
10,16,9
10,17,10
10,18,16
10,19,11
10,20,21
10,21,6
10,22,14
10,23,5
10,24,20
11,0,15
11,1,17
11,2,4
11,3,5
11,4,9
11,5,21
11,6,1
11,7,8
11,8,16
11,9,19
11,10,20
11,11,24
11,12,13
11,13,7
11,14,6
11,15,14
11,16,12
11,17,18
11,18,22
11,19,2
11,20,3
11,21,11
11,22,23
11,23,10
11,24,25
12,0,10
12,1,24
12,2,6
12,3,16
12,4,25
12,5,13
12,6,18
12,7,2
12,8,14
12,9,23
12,10,12
12,11,21
12,12,19
12,13,1
12,14,11
12,15,3
12,16,5
12,17,20
12,18,17
12,19,15
12,20,9
12,21,7
12,22,8
12,23,22
12,24,4
13,0,8
13,1,22
13,2,3
13,3,21
13,4,14
13,5,11
13,6,6
13,7,5
13,8,10
13,9,20
13,10,2
13,11,18
13,12,16
13,13,17
13,14,9
13,15,24
13,16,4
13,17,25
13,18,7
13,19,23
13,20,19
13,21,12
13,22,15
13,23,13
13,24,1
14,0,7
14,1,19
14,2,12
14,3,11
14,4,20
14,5,9
14,6,15
14,7,22
14,8,3
14,9,4
14,10,10
14,11,5
14,12,23
14,13,14
14,14,25
14,15,1
14,16,13
14,17,8
14,18,6
14,19,21
14,20,17
14,21,2
14,22,16
14,23,24
14,24,18
15,0,22
15,1,1
15,2,18
15,3,12
15,4,21
15,5,17
15,6,16
15,7,3
15,8,2
15,9,14
15,10,25
15,11,23
15,12,24
15,13,13
15,14,8
15,15,20
15,16,15
15,17,5
15,18,4
15,19,19
15,20,11
15,21,9
15,22,7
15,23,6
15,24,10
16,0,16
16,1,4
16,2,19
16,3,7
16,4,5
16,5,1
16,6,23
16,7,6
16,8,21
16,9,12
16,10,3
16,11,11
16,12,10
16,13,18
16,14,20
16,15,8
16,16,25
16,17,22
16,18,24
16,19,9
16,20,2
16,21,13
16,22,17
16,23,15
16,24,14
17,0,6
17,1,3
17,2,23
17,3,25
17,4,17
17,5,8
17,6,20
17,7,13
17,8,11
17,9,22
17,10,9
17,11,19
17,12,12
17,13,4
17,14,15
17,15,2
17,16,7
17,17,21
17,18,10
17,19,14
17,20,1
17,21,5
17,22,18
17,23,16
17,24,24
18,0,9
18,1,15
18,2,14
18,3,24
18,4,13
18,5,10
18,6,4
18,7,19
18,8,25
18,9,5
18,10,16
18,11,2
18,12,7
18,13,6
18,14,22
18,15,11
18,16,17
18,17,1
18,18,3
18,19,18
18,20,23
18,21,20
18,22,21
18,23,8
18,24,12
19,0,20
19,1,11
19,2,10
19,3,8
19,4,2
19,5,18
19,6,9
19,7,15
19,8,7
19,9,24
19,10,5
19,11,1
19,12,14
19,13,21
19,14,17
19,15,23
19,16,6
19,17,16
19,18,13
19,19,12
19,20,4
19,21,3
19,22,19
19,23,25
19,24,22
20,0,5
20,1,8
20,2,13
20,3,1
20,4,15
20,5,4
20,6,19
20,7,10
20,8,23
20,9,18
20,10,7
20,11,22
20,12,20
20,13,16
20,14,24
20,15,25
20,16,2
20,17,14
20,18,9
20,19,3
20,20,6
20,21,17
20,22,12
20,23,21
20,24,11
21,0,14
21,1,12
21,2,21
21,3,6
21,4,24
21,5,25
21,6,11
21,7,9
21,8,1
21,9,3
21,10,8
21,11,15
21,12,4
21,13,19
21,14,2
21,15,16
21,16,10
21,17,17
21,18,23
21,19,7
21,20,5
21,21,18
21,22,22
21,23,20
21,24,13
22,0,19
22,1,25
22,2,9
22,3,10
22,4,4
22,5,14
22,6,22
22,7,20
22,8,13
22,9,16
22,10,21
22,11,6
22,12,17
22,13,12
22,14,23
22,15,5
22,16,1
22,17,11
22,18,18
22,19,24
22,20,15
22,21,8
22,22,3
22,23,7
22,24,2
23,0,18
23,1,2
23,2,20
23,3,3
23,4,16
23,5,5
23,6,12
23,7,7
23,8,24
23,9,17
23,10,11
23,11,9
23,12,25
23,13,10
23,14,13
23,15,22
23,16,8
23,17,15
23,18,21
23,19,6
23,20,14
23,21,4
23,22,1
23,23,19
23,24,23
24,0,11
24,1,7
24,2,22
24,3,17
24,4,23
24,5,6
24,6,2
24,7,21
24,8,8
24,9,15
24,10,1
24,11,14
24,12,3
24,13,5
24,14,18
24,15,13
24,16,20
24,17,19
24,18,12
24,19,4
24,20,24
24,21,10
24,22,25
24,23,9
24,24,16
