0,0,2
0,1,12
0,2,23
0,3,24
0,4,17
0,5,10
0,6,5
0,7,25
0,8,13
0,9,15
0,10,7
0,11,11
0,12,16
0,13,21
0,14,9
0,15,14
0,16,3
0,17,1
0,18,18
0,19,4
0,20,22
0,21,19
0,22,6
0,23,20
0,24,8
1,0,5
1,1,9
1,2,11
1,3,3
1,4,20
1,5,2
1,6,21
1,7,22
1,8,18
1,9,19
1,10,4
1,11,24
1,12,10
1,13,1
1,14,17
1,15,23
1,16,8
1,17,12
1,18,6
1,19,25
1,20,15
1,21,13
1,22,16
1,23,14
1,24,7
2,0,1
2,1,22
2,2,25
2,3,6
2,4,8
2,5,14
2,6,7
2,7,17
2,8,11
2,9,20
2,10,3
2,11,19
2,12,2
2,13,5
2,14,23
2,15,15
2,16,16
2,17,24
2,18,10
2,19,13
2,20,12
2,21,18
2,22,9
2,23,21
2,24,4
3,0,4
3,1,21
3,2,7
3,3,16
3,4,10
3,5,9
3,6,6
3,7,23
3,8,12
3,9,3
3,10,15
3,11,13
3,12,8
3,13,14
3,14,18
3,15,22
3,16,17
3,17,19
3,18,5
3,19,20
3,20,2
3,21,25
3,22,11
3,23,24
3,24,1
4,0,13
4,1,15
4,2,19
4,3,18
4,4,14
4,5,4
4,6,8
4,7,24
4,8,1
4,9,16
4,10,20
4,11,25
4,12,6
4,13,22
4,14,12
4,15,2
4,16,7
4,17,9
4,18,11
4,19,21
4,20,3
4,21,5
4,22,17
4,23,10
4,24,23
5,0,25
5,1,2
5,2,24
5,3,11
5,4,6
5,5,1
5,6,14
5,7,3
5,8,19
5,9,21
5,10,16
5,11,23
5,12,4
5,13,18
5,14,8
5,15,5
5,16,13
5,17,20
5,18,17
5,19,22
5,20,9
5,21,12
5,22,7
5,23,15
5,24,10
6,0,10
6,1,5
6,2,21
6,3,22
6,4,16
6,5,7
6,6,23
6,7,4
6,8,25
6,9,9
6,10,11
6,11,17
6,12,24
6,13,12
6,14,14
6,15,19
6,16,18
6,17,3
6,18,1
6,19,15
6,20,13
6,21,6
6,22,20
6,23,8
6,24,2
7,0,7
7,1,19
7,2,18
7,3,20
7,4,13
7,5,8
7,6,12
7,7,5
7,8,2
7,9,11
7,10,1
7,11,10
7,12,3
7,13,15
7,14,6
7,15,9
7,16,24
7,17,14
7,18,23
7,19,16
7,20,25
7,21,17
7,22,4
7,23,22
7,24,21
8,0,12
8,1,1
8,2,17
8,3,9
8,4,15
8,5,24
8,6,20
8,7,13
8,8,6
8,9,18
8,10,22
8,11,21
8,12,25
8,13,2
8,14,19
8,15,4
8,16,10
8,17,7
8,18,8
8,19,11
8,20,14
8,21,23
8,22,5
8,23,16
8,24,3
9,0,3
9,1,4
9,2,14
9,3,8
9,4,23
9,5,17
9,6,22
9,7,15
9,8,16
9,9,10
9,10,13
9,11,9
9,12,20
9,13,7
9,14,5
9,15,6
9,16,25
9,17,21
9,18,12
9,19,2
9,20,18
9,21,24
9,22,1
9,23,19
9,24,11
10,0,8
10,1,13
10,2,2
10,3,21
10,4,11
10,5,5
10,6,24
10,7,14
10,8,23
10,9,17
10,10,6
10,11,1
10,12,22
10,13,25
10,14,15
10,15,18
10,16,12
10,17,16
10,18,7
10,19,9
10,20,10
10,21,20
10,22,3
10,23,4
10,24,19
11,0,20
11,1,7
11,2,12
11,3,1
11,4,19
11,5,15
11,6,13
11,7,16
11,8,9
11,9,25
11,10,24
11,11,3
11,12,18
11,13,23
11,14,4
11,15,10
11,16,5
11,17,8
11,18,2
11,19,14
11,20,6
11,21,22
11,22,21
11,23,11
11,24,17
12,0,17
12,1,6
12,2,3
12,3,15
12,4,18
12,5,21
12,6,4
12,7,10
12,8,8
12,9,7
12,10,5
12,11,12
12,12,9
12,13,19
12,14,20
12,15,11
12,16,22
12,17,25
12,18,13
12,19,1
12,20,24
12,21,16
12,22,23
12,23,2
12,24,14
13,0,23
13,1,10
13,2,16
13,3,14
13,4,9
13,5,19
13,6,18
13,7,12
13,8,20
13,9,22
13,10,17
13,11,8
13,12,13
13,13,11
13,14,2
13,15,21
13,16,4
13,17,6
13,18,3
13,19,24
13,20,1
13,21,15
13,22,25
13,23,7
13,24,5
14,0,24
14,1,25
14,2,5
14,3,4
14,4,22
14,5,6
14,6,2
14,7,11
14,8,3
14,9,1
14,10,10
14,11,7
14,12,14
14,13,16
14,14,21
14,15,20
14,16,15
14,17,23
14,18,19
14,19,17
14,20,8
14,21,9
14,22,18
14,23,12
14,24,13
15,0,16
15,1,8
15,2,4
15,3,5
15,4,21
15,5,22
15,6,11
15,7,1
15,8,7
15,9,2
15,10,23
15,11,15
15,12,12
15,13,6
15,14,25
15,15,13
15,16,20
15,17,17
15,18,9
15,19,3
15,20,19
15,21,14
15,22,10
15,23,18
15,24,24
16,0,14
16,1,3
16,2,6
16,3,13
16,4,2
16,5,23
16,6,25
16,7,21
16,8,17
16,9,5
16,10,18
16,11,4
16,12,1
16,13,10
16,14,24
16,15,7
16,16,19
16,17,22
16,18,15
16,19,12
16,20,16
16,21,11
16,22,8
16,23,9
16,24,20
17,0,19
17,1,17
17,2,15
17,3,10
17,4,7
17,5,16
17,6,9
17,7,20
17,8,24
17,9,6
17,10,8
17,11,22
17,12,11
17,13,13
17,14,3
17,15,1
17,16,21
17,17,5
17,18,14
17,19,18
17,20,23
17,21,4
17,22,2
17,23,25
17,24,12
18,0,22
18,1,20
18,2,1
18,3,23
18,4,25
18,5,12
18,6,19
18,7,18
18,8,15
18,9,4
18,10,21
18,11,14
18,12,17
18,13,9
18,14,16
18,15,8
18,16,11
18,17,2
18,18,24
18,19,10
18,20,7
18,21,3
18,22,13
18,23,5
18,24,6
19,0,11
19,1,18
19,2,9
19,3,12
19,4,24
19,5,3
19,6,10
19,7,8
19,8,14
19,9,13
19,10,2
19,11,5
19,12,19
19,13,20
19,14,7
19,15,16
19,16,23
19,17,4
19,18,25
19,19,6
19,20,17
19,21,21
19,22,15
19,23,1
19,24,22
20,0,18
20,1,23
20,2,20
20,3,2
20,4,3
20,5,11
20,6,1
20,7,7
20,8,5
20,9,24
20,10,25
20,11,16
20,12,15
20,13,17
20,14,22
20,15,12
20,16,14
20,17,13
20,18,4
20,19,8
20,20,21
20,21,10
20,22,19
20,23,6
20,24,9
21,0,9
21,1,24
21,2,8
21,3,19
21,4,12
21,5,13
21,6,15
21,7,2
21,8,4
21,9,23
21,10,14
21,11,18
21,12,21
21,13,3
21,14,10
21,15,25
21,16,6
21,17,11
21,18,20
21,19,7
21,20,5
21,21,1
21,22,22
21,23,17
21,24,16
22,0,21
22,1,14
22,2,22
22,3,25
22,4,5
22,5,20
22,6,17
22,7,19
22,8,10
22,9,8
22,10,12
22,11,6
22,12,7
22,13,4
22,14,1
22,15,3
22,16,9
22,17,15
22,18,16
22,19,23
22,20,11
22,21,2
22,22,24
22,23,13
22,24,18
23,0,6
23,1,11
23,2,10
23,3,7
23,4,1
23,5,25
23,6,16
23,7,9
23,8,22
23,9,14
23,10,19
23,11,20
23,12,23
23,13,24
23,14,13
23,15,17
23,16,2
23,17,18
23,18,21
23,19,5
23,20,4
23,21,8
23,22,12
23,23,3
23,24,15
24,0,15
24,1,16
24,2,13
24,3,17
24,4,4
24,5,18
24,6,3
24,7,6
24,8,21
24,9,12
24,10,9
24,11,2
24,12,5
24,13,8
24,14,11
24,15,24
24,16,1
24,17,10
24,18,22
24,19,19
24,20,20
24,21,7
24,22,14
24,23,23
24,24,25
