0,0,10
0,1,19
0,2,3
0,3,13
0,4,1
0,5,6
0,6,7
0,7,9
0,8,8
0,9,23
0,10,20
0,11,16
0,12,14
0,13,12
0,14,5
0,15,4
0,16,25
0,17,17
0,18,18
0,19,2
0,20,24
0,21,11
0,22,22
0,23,15
0,24,21
1,0,2
1,1,24
1,2,23
1,3,12
1,4,9
1,5,4
1,6,13
1,7,17
1,8,19
1,9,15
1,10,18
1,11,21
1,12,25
1,13,11
1,14,22
1,15,16
1,16,10
1,17,6
1,18,1
1,19,3
1,20,20
1,21,14
1,22,5
1,23,8
1,24,7
2,0,17
2,1,21
2,2,22
2,3,5
2,4,18
2,5,10
2,6,24
2,7,1
2,8,12
2,9,14
2,10,15
2,11,9
2,12,13
2,13,19
2,14,2
2,15,7
2,16,8
2,17,11
2,18,20
2,19,23
2,20,6
2,21,4
2,22,3
2,23,25
2,24,16
3,0,15
3,1,16
3,2,6
3,3,14
3,4,8
3,5,25
3,6,20
3,7,18
3,8,5
3,9,11
3,10,3
3,11,23
3,12,10
3,13,4
3,14,7
3,15,9
3,16,22
3,17,24
3,18,19
3,19,21
3,20,12
3,21,17
3,22,1
3,23,13
3,24,2
4,0,20
4,1,4
4,2,11
4,3,25
4,4,7
4,5,3
4,6,21
4,7,16
4,8,22
4,9,2
4,10,24
4,11,6
4,12,8
4,13,1
4,14,17
4,15,5
4,16,15
4,17,14
4,18,13
4,19,12
4,20,10
4,21,18
4,22,23
4,23,9
4,24,19
5,0,4
5,1,1
5,2,7
5,3,10
5,4,3
5,5,21
5,6,8
5,7,23
5,8,18
5,9,24
5,10,9
5,11,12
5,12,6
5,13,17
5,14,15
5,15,14
5,16,16
5,17,2
5,18,25
5,19,13
5,20,5
5,21,22
5,22,11
5,23,19
5,24,20
6,0,21
6,1,14
6,2,24
6,3,8
6,4,2
6,5,15
6,6,11
6,7,5
6,8,25
6,9,20
6,10,7
6,11,10
6,12,18
6,13,13
6,14,16
6,15,22
6,16,12
6,17,23
6,18,4
6,19,19
6,20,3
6,21,6
6,22,9
6,23,1
6,24,17
7,0,11
7,1,9
7,2,5
7,3,19
7,4,6
7,5,1
7,6,14
7,7,13
7,8,4
7,9,16
7,10,2
7,11,3
7,12,22
7,13,21
7,14,8
7,15,17
7,16,20
7,17,10
7,18,7
7,19,15
7,20,23
7,21,24
7,22,25
7,23,18
7,24,12
8,0,12
8,1,17
8,2,18
8,3,15
8,4,20
8,5,2
8,6,22
8,7,19
8,8,10
8,9,9
8,10,4
8,11,24
8,12,1
8,13,25
8,14,23
8,15,6
8,16,3
8,17,5
8,18,8
8,19,11
8,20,16
8,21,7
8,22,14
8,23,21
8,24,13
9,0,22
9,1,25
9,2,13
9,3,16
9,4,23
9,5,17
9,6,6
9,7,7
9,8,3
9,9,12
9,10,11
9,11,14
9,12,5
9,13,20
9,14,19
9,15,21
9,16,1
9,17,9
9,18,24
9,19,18
9,20,15
9,21,10
9,22,8
9,23,2
9,24,4
10,0,5
10,1,12
10,2,19
10,3,9
10,4,21
10,5,14
10,6,17
10,7,4
10,8,23
10,9,1
10,10,10
10,11,20
10,12,15
10,13,6
10,14,18
10,15,24
10,16,7
10,17,22
10,18,2
10,19,16
10,20,8
10,21,3
10,22,13
10,23,11
10,24,25
11,0,3
11,1,6
11,2,16
11,3,4
11,4,10
11,5,20
11,6,12
11,7,21
11,8,15
11,9,19
11,10,23
11,11,11
11,12,2
11,13,5
11,14,13
11,15,25
11,16,18
11,17,8
11,18,17
11,19,9
11,20,14
11,21,1
11,22,24
11,23,7
11,24,22
12,0,13
12,1,2
12,2,15
12,3,22
12,4,17
12,5,16
12,6,5
12,7,24
12,8,11
12,9,8
12,10,19
12,11,25
12,12,7
12,13,9
12,14,1
12,15,23
12,16,4
12,17,12
12,18,3
12,19,14
12,20,18
12,21,21
12,22,20
12,23,6
12,24,10
13,0,23
13,1,7
13,2,20
13,3,18
13,4,14
13,5,9
13,6,25
13,7,10
13,8,6
13,9,3
13,10,17
13,11,22
13,12,21
13,13,8
13,14,24
13,15,11
13,16,13
13,17,19
13,18,5
13,19,1
13,20,2
13,21,16
13,22,4
13,23,12
13,24,15
14,0,25
14,1,8
14,2,1
14,3,24
14,4,11
14,5,13
14,6,18
14,7,2
14,8,7
14,9,22
14,10,12
14,11,4
14,12,16
14,13,3
14,14,14
14,15,10
14,16,6
14,17,21
14,18,15
14,19,20
14,20,9
14,21,23
14,22,19
14,23,17
14,24,5
15,0,7
15,1,5
15,2,10
15,3,20
15,4,16
15,5,23
15,6,4
15,7,11
15,8,1
15,9,18
15,10,22
15,11,2
15,12,19
15,13,24
15,14,25
15,15,8
15,16,21
15,17,15
15,18,14
15,19,6
15,20,13
15,21,12
15,22,17
15,23,3
15,24,9
16,0,6
16,1,13
16,2,9
16,3,1
16,4,19
16,5,24
16,6,15
16,7,14
16,8,16
16,9,10
16,10,5
16,11,18
16,12,4
16,13,7
16,14,11
16,15,3
16,16,23
16,17,20
16,18,12
16,19,17
16,20,21
16,21,25
16,22,2
16,23,22
16,24,8
17,0,14
17,1,18
17,2,2
17,3,17
17,4,25
17,5,22
17,6,3
17,7,6
17,8,13
17,9,21
17,10,8
17,11,15
17,12,12
17,13,10
17,14,9
17,15,1
17,16,11
17,17,4
17,18,16
17,19,5
17,20,19
17,21,20
17,22,7
17,23,23
17,24,24
18,0,8
18,1,22
18,2,21
18,3,3
18,4,4
18,5,5
18,6,19
18,7,12
18,8,9
18,9,7
18,10,6
18,11,17
18,12,23
18,13,16
18,14,20
18,15,13
18,16,2
18,17,25
18,18,10
18,19,24
18,20,11
18,21,15
18,22,18
18,23,14
18,24,1
19,0,24
19,1,11
19,2,12
19,3,23
19,4,15
19,5,8
19,6,2
19,7,25
19,8,20
19,9,17
19,10,1
19,11,13
19,12,3
19,13,14
19,14,21
19,15,18
19,16,19
19,17,7
19,18,9
19,19,22
19,20,4
19,21,5
19,22,16
19,23,10
19,24,6
20,0,18
20,1,15
20,2,14
20,3,2
20,4,13
20,5,11
20,6,10
20,7,20
20,8,17
20,9,5
20,10,16
20,11,7
20,12,9
20,13,23
20,14,12
20,15,19
20,16,24
20,17,1
20,18,6
20,19,25
20,20,22
20,21,8
20,22,21
20,23,4
20,24,3
21,0,19
21,1,23
21,2,17
21,3,6
21,4,24
21,5,7
21,6,9
21,7,22
21,8,2
21,9,25
21,10,14
21,11,8
21,12,20
21,13,18
21,14,4
21,15,12
21,16,5
21,17,3
21,18,21
21,19,10
21,20,1
21,21,13
21,22,15
21,23,16
21,24,11
22,0,16
22,1,20
22,2,8
22,3,11
22,4,5
22,5,19
22,6,23
22,7,3
22,8,21
22,9,6
22,10,25
22,11,1
22,12,17
22,13,2
22,14,10
22,15,15
22,16,14
22,17,13
22,18,22
22,19,4
22,20,7
22,21,9
22,22,12
22,23,24
22,24,18
23,0,9
23,1,3
23,2,4
23,3,7
23,4,12
23,5,18
23,6,1
23,7,15
23,8,14
23,9,13
23,10,21
23,11,19
23,12,24
23,13,22
23,14,6
23,15,20
23,16,17
23,17,16
23,18,11
23,19,8
23,20,25
23,21,2
23,22,10
23,23,5
23,24,23
24,0,1
24,1,10
24,2,25
24,3,21
24,4,22
24,5,12
24,6,16
24,7,8
24,8,24
24,9,4
24,10,13
24,11,5
24,12,11
24,13,15
24,14,3
24,15,2
24,16,9
24,17,18
24,18,23
24,19,7
24,20,17
24,21,19
24,22,6
24,23,20
24,24,14
