0,0,11
0,1,15
0,2,19
0,3,2
0,4,24
0,5,3
0,6,8
0,7,25
0,8,16
0,9,1
0,10,22
0,11,23
0,12,14
0,13,12
0,14,20
0,15,10
0,16,17
0,17,18
0,18,21
0,19,9
0,20,5
0,21,6
0,22,7
0,23,13
0,24,4
1,0,21
1,1,14
1,2,8
1,3,3
1,4,10
1,5,18
1,6,20
1,7,13
1,8,23
1,9,17
1,10,6
1,11,5
1,12,4
1,13,1
1,14,2
1,15,19
1,16,16
1,17,15
1,18,7
1,19,25
1,20,24
1,21,12
1,22,9
1,23,22
1,24,11
2,0,13
2,1,5
2,2,6
2,3,12
2,4,25
2,5,9
2,6,2
2,7,4
2,8,7
2,9,10
2,10,17
2,11,18
2,12,21
2,13,8
2,14,19
2,15,14
2,16,24
2,17,22
2,18,3
2,19,11
2,20,20
2,21,15
2,22,1
2,23,16
2,24,23
3,0,7
3,1,22
3,2,1
3,3,20
3,4,18
3,5,12
3,6,21
3,7,24
3,8,14
3,9,5
3,10,9
3,11,11
3,12,15
3,13,16
3,14,10
3,15,8
3,16,6
3,17,13
3,18,4
3,19,23
3,20,17
3,21,3
3,22,25
3,23,2
3,24,19
4,0,23
4,1,4
4,2,9
4,3,16
4,4,17
4,5,11
4,6,22
4,7,6
4,8,15
4,9,19
4,10,3
4,11,7
4,12,13
4,13,24
4,14,25
4,15,5
4,16,1
4,17,12
4,18,2
4,19,20
4,20,10
4,21,8
4,22,14
4,23,18
4,24,21
5,0,24
5,1,17
5,2,15
5,3,8
5,4,13
5,5,19
5,6,11
5,7,22
5,8,4
5,9,18
5,10,14
5,11,20
5,12,16
5,13,5
5,14,6
5,15,7
5,16,25
5,17,9
5,18,23
5,19,12
5,20,1
5,21,10
5,22,2
5,23,21
5,24,3
6,0,19
6,1,21
6,2,7
6,3,14
6,4,5
6,5,20
6,6,16
6,7,23
6,8,2
6,9,3
6,10,12
6,11,1
6,12,9
6,13,18
6,14,24
6,15,15
6,16,10
6,17,6
6,18,11
6,19,17
6,20,13
6,21,22
6,22,4
6,23,25
6,24,8
7,0,2
7,1,20
7,2,10
7,3,25
7,4,6
7,5,21
7,6,5
7,7,7
7,8,12
7,9,8
7,10,13
7,11,15
7,12,19
7,13,11
7,14,4
7,15,18
7,16,22
7,17,24
7,18,1
7,19,3
7,20,9
7,21,14
7,22,23
7,23,17
7,24,16
8,0,16
8,1,9
8,2,18
8,3,22
8,4,3
8,5,14
8,6,1
8,7,10
8,8,13
8,9,6
8,10,23
8,11,2
8,12,8
8,13,25
8,14,17
8,15,4
8,16,21
8,17,19
8,18,20
8,19,5
8,20,7
8,21,11
8,22,24
8,23,15
8,24,12
9,0,4
9,1,1
9,2,11
9,3,23
9,4,12
9,5,24
9,6,17
9,7,15
9,8,25
9,9,9
9,10,7
9,11,3
9,12,10
9,13,21
9,14,22
9,15,2
9,16,13
9,17,16
9,18,14
9,19,8
9,20,6
9,21,19
9,22,5
9,23,20
9,24,18
10,0,9
10,1,8
10,2,14
10,3,5
10,4,2
10,5,10
10,6,13
10,7,3
10,8,6
10,9,22
10,10,16
10,11,4
10,12,17
10,13,7
10,14,12
10,15,23
10,16,15
10,17,25
10,18,24
10,19,21
10,20,19
10,21,18
10,22,20
10,23,11
10,24,1
11,0,12
11,1,25
11,2,13
11,3,10
11,4,21
11,5,7
11,6,9
11,7,17
11,8,20
11,9,16
11,10,18
11,11,24
11,12,2
11,13,23
11,14,1
11,15,6
11,16,3
11,17,11
11,18,19
11,19,14
11,20,8
11,21,4
11,22,22
11,23,5
11,24,15
12,0,22
12,1,19
12,2,4
12,3,18
12,4,16
12,5,15
12,6,23
12,7,1
12,8,24
12,9,14
12,10,5
12,11,10
12,12,6
12,13,9
12,14,11
12,15,20
12,16,8
12,17,2
12,18,12
12,19,13
12,20,21
12,21,25
12,22,17
12,23,3
12,24,7
13,0,17
13,1,3
13,2,23
13,3,7
13,4,11
13,5,4
13,6,19
13,7,2
13,8,18
13,9,21
13,10,8
13,11,25
13,12,20
13,13,13
13,14,15
13,15,1
13,16,9
13,17,5
13,18,22
13,19,10
13,20,12
13,21,24
13,22,16
13,23,14
13,24,6
14,0,15
14,1,6
14,2,20
14,3,24
14,4,1
14,5,25
14,6,12
14,7,8
14,8,5
14,9,11
14,10,21
14,11,14
14,12,22
14,13,19
14,14,3
14,15,16
14,16,7
14,17,17
14,18,18
14,19,4
14,20,23
14,21,2
14,22,10
14,23,9
14,24,13
15,0,20
15,1,10
15,2,2
15,3,19
15,4,7
15,5,1
15,6,18
15,7,16
15,8,21
15,9,4
15,10,15
15,11,9
15,12,24
15,13,14
15,14,23
15,15,17
15,16,11
15,17,3
15,18,6
15,19,22
15,20,25
15,21,13
15,22,12
15,23,8
15,24,5
16,0,18
16,1,24
16,2,3
16,3,6
16,4,23
16,5,8
16,6,7
16,7,14
16,8,22
16,9,12
16,10,1
16,11,13
16,12,25
16,13,17
16,14,5
16,15,21
16,16,19
16,17,4
16,18,9
16,19,16
16,20,15
16,21,20
16,22,11
16,23,10
16,24,2
17,0,8
17,1,13
17,2,17
17,3,11
17,4,9
17,5,2
17,6,3
17,7,5
17,8,19
17,9,23
17,10,10
17,11,22
17,12,12
17,13,20
17,14,21
17,15,25
17,16,18
17,17,14
17,18,15
17,19,7
17,20,4
17,21,16
17,22,6
17,23,1
17,24,24
18,0,14
18,1,12
18,2,25
18,3,1
18,4,22
18,5,17
18,6,6
18,7,20
18,8,10
18,9,15
18,10,11
18,11,16
18,12,18
18,13,4
18,14,8
18,15,24
18,16,5
18,17,23
18,18,13
18,19,2
18,20,3
18,21,7
18,22,21
18,23,19
18,24,9
19,0,5
19,1,16
19,2,21
19,3,15
19,4,4
19,5,13
19,6,24
19,7,11
19,8,9
19,9,25
19,10,2
19,11,19
19,12,3
19,13,6
19,14,7
19,15,12
19,16,20
19,17,8
19,18,10
19,19,1
19,20,22
19,21,17
19,22,18
19,23,23
19,24,14
20,0,3
20,1,18
20,2,12
20,3,4
20,4,8
20,5,5
20,6,14
20,7,21
20,8,11
20,9,24
20,10,20
20,11,17
20,12,1
20,13,2
20,14,13
20,15,22
20,16,23
20,17,7
20,18,25
20,19,19
20,20,16
20,21,9
20,22,15
20,23,6
20,24,10
21,0,6
21,1,23
21,2,24
21,3,13
21,4,19
21,5,16
21,6,4
21,7,9
21,8,8
21,9,20
21,10,25
21,11,12
21,12,5
21,13,10
21,14,18
21,15,11
21,16,2
21,17,21
21,18,17
21,19,15
21,20,14
21,21,1
21,22,3
21,23,7
21,24,22
22,0,1
22,1,11
22,2,22
22,3,21
22,4,20
22,5,6
22,6,25
22,7,12
22,8,3
22,9,2
22,10,19
22,11,8
22,12,7
22,13,15
22,14,16
22,15,9
22,16,14
22,17,10
22,18,5
22,19,24
22,20,18
22,21,23
22,22,13
22,23,4
22,24,17
23,0,10
23,1,7
23,2,16
23,3,17
23,4,14
23,5,23
23,6,15
23,7,18
23,8,1
23,9,13
23,10,24
23,11,21
23,12,11
23,13,22
23,14,9
23,15,3
23,16,4
23,17,20
23,18,8
23,19,6
23,20,2
23,21,5
23,22,19
23,23,12
23,24,25
24,0,25
24,1,2
24,2,5
24,3,9
24,4,15
24,5,22
24,6,10
24,7,19
24,8,17
24,9,7
24,10,4
24,11,6
24,12,23
24,13,3
24,14,14
24,15,13
24,16,12
24,17,1
24,18,16
24,19,18
24,20,11
24,21,21
24,22,8
24,23,24
24,24,20
