0,0,21
0,1,8
0,2,11
0,3,13
0,4,4
0,5,5
0,6,16
0,7,24
0,8,6
0,9,2
0,10,15
0,11,18
0,12,23
0,13,9
0,14,20
0,15,10
0,16,12
0,17,25
0,18,14
0,19,19
0,20,17
0,21,22
0,22,7
0,23,1
0,24,3
1,0,12
1,1,5
1,2,23
1,3,2
1,4,10
1,5,3
1,6,8
1,7,18
1,8,1
1,9,9
1,10,13
1,11,16
1,12,25
1,13,21
1,14,22
1,15,20
1,16,15
1,17,7
1,18,17
1,19,6
1,20,19
1,21,14
1,22,24
1,23,11
1,24,4
2,0,17
2,1,9
2,2,19
2,3,16
2,4,7
2,5,20
2,6,4
2,7,21
2,8,12
2,9,14
2,10,11
2,11,24
2,12,10
2,13,6
2,14,1
2,15,3
2,16,5
2,17,22
2,18,23
2,19,8
2,20,15
2,21,2
2,22,18
2,23,25
2,24,13
3,0,14
3,1,18
3,2,22
3,3,25
3,4,3
3,5,15
3,6,10
3,7,13
3,8,23
3,9,11
3,10,7
3,11,5
3,12,17
3,13,12
3,14,19
3,15,16
3,16,1
3,17,2
3,18,24
3,19,4
3,20,8
3,21,21
3,22,20
3,23,9
3,24,6
4,0,15
4,1,1
4,2,24
4,3,6
4,4,20
4,5,17
4,6,19
4,7,7
4,8,22
4,9,25
4,10,4
4,11,3
4,12,14
4,13,8
4,14,2
4,15,13
4,16,11
4,17,21
4,18,18
4,19,9
4,20,23
4,21,16
4,22,5
4,23,10
4,24,12
5,0,25
5,1,14
5,2,12
5,3,20
5,4,9
5,5,4
5,6,11
5,7,17
5,8,13
5,9,7
5,10,8
5,11,22
5,12,2
5,13,1
5,14,18
5,15,15
5,16,19
5,17,24
5,18,6
5,19,16
5,20,10
5,21,3
5,22,21
5,23,23
5,24,5
6,0,18
6,1,22
6,2,10
6,3,24
6,4,21
6,5,19
6,6,12
6,7,25
6,8,20
6,9,15
6,10,16
6,11,13
6,12,5
6,13,7
6,14,17
6,15,4
6,16,3
6,17,11
6,18,1
6,19,23
6,20,14
6,21,8
6,22,9
6,23,6
6,24,2
7,0,3
7,1,11
7,2,4
7,3,17
7,4,8
7,5,6
7,6,1
7,7,16
7,8,24
7,9,5
7,10,19
7,11,10
7,12,15
7,13,14
7,14,23
7,15,21
7,16,7
7,17,9
7,18,25
7,19,2
7,20,12
7,21,13
7,22,22
7,23,18
7,24,20
8,0,13
8,1,6
8,2,16
8,3,19
8,4,15
8,5,18
8,6,2
8,7,8
8,8,3
8,9,23
8,10,20
8,11,12
8,12,9
8,13,4
8,14,21
8,15,17
8,16,22
8,17,10
8,18,5
8,19,14
8,20,25
8,21,11
8,22,1
8,23,24
8,24,7
9,0,2
9,1,23
9,2,7
9,3,1
9,4,5
9,5,10
9,6,9
9,7,14
9,8,21
9,9,22
9,10,3
9,11,25
9,12,24
9,13,11
9,14,6
9,15,12
9,16,13
9,17,18
9,18,8
9,19,20
9,20,4
9,21,15
9,22,17
9,23,19
9,24,16
10,0,11
10,1,16
10,2,21
10,3,15
10,4,22
10,5,12
10,6,14
10,7,20
10,8,19
10,9,4
10,10,1
10,11,6
10,12,8
10,13,2
10,14,3
10,15,23
10,16,10
10,17,13
10,18,7
10,19,24
10,20,9
10,21,5
10,22,25
10,23,17
10,24,18
11,0,7
11,1,19
11,2,17
11,3,9
11,4,23
11,5,22
11,6,25
11,7,2
11,8,11
11,9,18
11,10,10
11,11,14
11,12,13
11,13,20
11,14,24
11,15,6
11,16,21
11,17,4
11,18,12
11,19,5
11,20,16
11,21,1
11,22,8
11,23,3
11,24,15
12,0,4
12,1,25
12,2,5
12,3,18
12,4,13
12,5,23
12,6,3
12,7,15
12,8,17
12,9,10
12,10,21
12,11,7
12,12,16
12,13,19
12,14,9
12,15,11
12,16,8
12,17,1
12,18,2
12,19,22
12,20,20
12,21,24
12,22,6
12,23,12
12,24,14
13,0,6
13,1,10
13,2,2
13,3,3
13,4,12
13,5,24
13,6,21
13,7,1
13,8,8
13,9,16
13,10,5
13,11,23
13,12,18
13,13,17
13,14,15
13,15,19
13,16,20
13,17,14
13,18,9
13,19,25
13,20,13
13,21,7
13,22,4
13,23,22
13,24,11
14,0,20
14,1,24
14,2,14
14,3,8
14,4,1
14,5,7
14,6,13
14,7,9
14,8,5
14,9,6
14,10,12
14,11,11
14,12,4
14,13,22
14,14,25
14,15,18
14,16,17
14,17,3
14,18,16
14,19,15
14,20,21
14,21,10
14,22,23
14,23,2
14,24,19
15,0,9
15,1,2
15,2,6
15,3,22
15,4,18
15,5,1
15,6,15
15,7,5
15,8,25
15,9,21
15,10,17
15,11,20
15,12,7
15,13,24
15,14,13
15,15,14
15,16,23
15,17,19
15,18,3
15,19,10
15,20,11
15,21,12
15,22,16
15,23,4
15,24,8
16,0,1
16,1,7
16,2,15
16,3,14
16,4,24
16,5,11
16,6,6
16,7,10
16,8,4
16,9,20
16,10,23
16,11,19
16,12,3
16,13,5
16,14,12
16,15,8
16,16,25
16,17,16
16,18,22
16,19,13
16,20,18
16,21,17
16,22,2
16,23,21
16,24,9
17,0,5
17,1,17
17,2,13
17,3,23
17,4,11
17,5,9
17,6,18
17,7,3
17,8,16
17,9,8
17,10,2
17,11,21
17,12,22
17,13,25
17,14,4
17,15,1
17,16,24
17,17,15
17,18,20
17,19,12
17,20,6
17,21,19
17,22,14
17,23,7
17,24,10
18,0,8
18,1,4
18,2,20
18,3,10
18,4,25
18,5,14
18,6,17
18,7,12
18,8,2
18,9,19
18,10,9
18,11,1
18,12,6
18,13,15
18,14,16
18,15,7
18,16,18
18,17,5
18,18,11
18,19,21
18,20,22
18,21,23
18,22,3
18,23,13
18,24,24
19,0,16
19,1,21
19,2,3
19,3,12
19,4,19
19,5,13
19,6,23
19,7,22
19,8,7
19,9,24
19,10,14
19,11,8
19,12,11
19,13,18
19,14,10
19,15,9
19,16,2
19,17,6
19,18,4
19,19,17
19,20,1
19,21,20
19,22,15
19,23,5
19,24,25
20,0,10
20,1,12
20,2,25
20,3,11
20,4,17
20,5,16
20,6,5
20,7,4
20,8,14
20,9,3
20,10,22
20,11,9
20,12,1
20,13,23
20,14,8
20,15,24
20,16,6
20,17,20
20,18,19
20,19,7
20,20,2
20,21,18
20,22,13
20,23,15
20,24,21
21,0,24
21,1,15
21,2,8
21,3,7
21,4,14
21,5,2
21,6,20
21,7,23
21,8,10
21,9,1
21,10,18
21,11,4
21,12,19
21,13,13
21,14,5
21,15,25
21,16,9
21,17,17
21,18,21
21,19,11
21,20,3
21,21,6
21,22,12
21,23,16
21,24,22
22,0,23
22,1,3
22,2,9
22,3,4
22,4,2
22,5,8
22,6,22
22,7,6
22,8,18
22,9,13
22,10,24
22,11,15
22,12,21
22,13,16
22,14,11
22,15,5
22,16,14
22,17,12
22,18,10
22,19,1
22,20,7
22,21,25
22,22,19
22,23,20
22,24,17
23,0,22
23,1,13
23,2,18
23,3,5
23,4,6
23,5,21
23,6,7
23,7,19
23,8,9
23,9,12
23,10,25
23,11,17
23,12,20
23,13,10
23,14,14
23,15,2
23,16,16
23,17,23
23,18,15
23,19,3
23,20,24
23,21,4
23,22,11
23,23,8
23,24,1
24,0,19
24,1,20
24,2,1
24,3,21
24,4,16
24,5,25
24,6,24
24,7,11
24,8,15
24,9,17
24,10,6
24,11,2
24,12,12
24,13,3
24,14,7
24,15,22
24,16,4
24,17,8
24,18,13
24,19,18
24,20,5
24,21,9
24,22,10
24,23,14
24,24,23
