0,0,6
0,1,9
0,2,16
0,3,24
0,4,10
0,5,5
0,6,13
0,7,25
0,8,12
0,9,8
0,10,11
0,11,17
0,12,3
0,13,21
0,14,7
0,15,15
0,16,20
0,17,23
0,18,22
0,19,18
0,20,14
0,21,4
0,22,2
0,23,19
0,24,1
1,0,23
1,1,11
1,2,5
1,3,20
1,4,25
1,5,2
1,6,3
1,7,4
1,8,24
1,9,7
1,10,13
1,11,22
1,12,10
1,13,18
1,14,15
1,15,21
1,16,19
1,17,1
1,18,9
1,19,14
1,20,12
1,21,17
1,22,6
1,23,16
1,24,8
2,0,17
2,1,2
2,2,7
2,3,18
2,4,3
2,5,22
2,6,9
2,7,16
2,8,21
2,9,19
2,10,23
2,11,4
2,12,1
2,13,14
2,14,24
2,15,6
2,16,13
2,17,8
2,18,12
2,19,10
2,20,5
2,21,15
2,22,20
2,23,25
2,24,11
3,0,12
3,1,4
3,2,19
3,3,13
3,4,15
3,5,23
3,6,10
3,7,14
3,8,17
3,9,1
3,10,8
3,11,5
3,12,16
3,13,6
3,14,20
3,15,3
3,16,24
3,17,2
3,18,11
3,19,25
3,20,7
3,21,18
3,22,9
3,23,21
3,24,22
4,0,8
4,1,21
4,2,1
4,3,14
4,4,22
4,5,15
4,6,18
4,7,6
4,8,20
4,9,11
4,10,12
4,11,19
4,12,9
4,13,25
4,14,2
4,15,17
4,16,16
4,17,5
4,18,4
4,19,7
4,20,3
4,21,23
4,22,24
4,23,10
4,24,13
5,0,11
5,1,25
5,2,4
5,3,10
5,4,7
5,5,3
5,6,23
5,7,15
5,8,16
5,9,14
5,10,21
5,11,18
5,12,22
5,13,24
5,14,12
5,15,13
5,16,5
5,17,19
5,18,20
5,19,2
5,20,8
5,21,6
5,22,1
5,23,17
5,24,9
6,0,5
6,1,6
6,2,2
6,3,17
6,4,9
6,5,7
6,6,1
6,7,21
6,8,22
6,9,13
6,10,4
6,11,8
6,12,15
6,13,19
6,14,11
6,15,12
6,16,23
6,17,24
6,18,25
6,19,3
6,20,18
6,21,20
6,22,16
6,23,14
6,24,10
7,0,18
7,1,15
7,2,23
7,3,19
7,4,20
7,5,25
7,6,8
7,7,24
7,8,10
7,9,12
7,10,9
7,11,13
7,12,17
7,13,3
7,14,6
7,15,14
7,16,7
7,17,21
7,18,1
7,19,16
7,20,22
7,21,11
7,22,4
7,23,2
7,24,5
8,0,21
8,1,16
8,2,24
8,3,1
8,4,14
8,5,18
8,6,19
8,7,2
8,8,11
8,9,17
8,10,10
8,11,25
8,12,7
8,13,20
8,14,5
8,15,8
8,16,22
8,17,9
8,18,6
8,19,4
8,20,13
8,21,3
8,22,15
8,23,12
8,24,23
9,0,3
9,1,13
9,2,8
9,3,22
9,4,12
9,5,4
9,6,20
9,7,9
9,8,6
9,9,5
9,10,1
9,11,14
9,12,2
9,13,16
9,14,23
9,15,10
9,16,11
9,17,18
9,18,17
9,19,15
9,20,21
9,21,25
9,22,7
9,23,24
9,24,19
10,0,7
10,1,23
10,2,22
10,3,11
10,4,1
10,5,24
10,6,6
10,7,5
10,8,4
10,9,15
10,10,20
10,11,10
10,12,21
10,13,12
10,14,14
10,15,16
10,16,18
10,17,25
10,18,13
10,19,8
10,20,17
10,21,9
10,22,19
10,23,3
10,24,2
11,0,16
11,1,19
11,2,13
11,3,3
11,4,18
11,5,9
11,6,12
11,7,1
11,8,2
11,9,25
11,10,24
11,11,15
11,12,11
11,13,4
11,14,17
11,15,20
11,16,10
11,17,22
11,18,23
11,19,21
11,20,6
11,21,5
11,22,8
11,23,7
11,24,14
12,0,14
12,1,20
12,2,6
12,3,25
12,4,5
12,5,19
12,6,16
12,7,10
12,8,8
12,9,3
12,10,18
12,11,2
12,12,13
12,13,23
12,14,9
12,15,7
12,16,1
12,17,12
12,18,24
12,19,17
12,20,15
12,21,22
12,22,11
12,23,4
12,24,21
13,0,2
13,1,12
13,2,15
13,3,21
13,4,4
13,5,17
13,6,14
13,7,7
13,8,23
13,9,22
13,10,25
13,11,16
13,12,19
13,13,8
13,14,1
13,15,11
13,16,9
13,17,3
13,18,5
13,19,6
13,20,20
13,21,10
13,22,13
13,23,18
13,24,24
14,0,9
14,1,17
14,2,10
14,3,8
14,4,24
14,5,13
14,6,21
14,7,11
14,8,18
14,9,20
14,10,6
14,11,7
14,12,5
14,13,22
14,14,3
14,15,4
14,16,2
14,17,14
14,18,15
14,19,19
14,20,16
14,21,12
14,22,23
14,23,1
14,24,25
15,0,10
15,1,18
15,2,14
15,3,9
15,4,6
15,5,21
15,6,22
15,7,19
15,8,1
15,9,23
15,10,7
15,11,24
15,12,4
15,13,17
15,14,13
15,15,2
15,16,12
15,17,15
15,18,8
15,19,5
15,20,11
15,21,16
15,22,25
15,23,20
15,24,3
16,0,19
16,1,1
16,2,25
16,3,2
16,4,11
16,5,16
16,6,24
16,7,20
16,8,15
16,9,4
16,10,22
16,11,12
16,12,14
16,13,5
16,14,10
16,15,18
16,16,3
16,17,13
16,18,21
16,19,9
16,20,23
16,21,7
16,22,17
16,23,8
16,24,6
17,0,13
17,1,5
17,2,12
17,3,4
17,4,17
17,5,6
17,6,11
17,7,3
17,8,14
17,9,2
17,10,15
17,11,21
17,12,20
17,13,9
17,14,8
17,15,19
17,16,25
17,17,16
17,18,7
17,19,23
17,20,1
17,21,24
17,22,10
17,23,22
17,24,18
18,0,15
18,1,24
18,2,20
18,3,16
18,4,8
18,5,12
18,6,7
18,7,13
18,8,5
18,9,18
18,10,19
18,11,3
18,12,23
18,13,1
18,14,25
18,15,22
18,16,6
18,17,17
18,18,10
18,19,11
18,20,2
18,21,14
18,22,21
18,23,9
18,24,4
19,0,22
19,1,7
19,2,3
19,3,23
19,4,21
19,5,8
19,6,25
19,7,17
19,8,9
19,9,10
19,10,16
19,11,11
19,12,6
19,13,2
19,14,18
19,15,24
19,16,4
19,17,20
19,18,14
19,19,1
19,20,19
19,21,13
19,22,5
19,23,15
19,24,12
20,0,24
20,1,14
20,2,9
20,3,6
20,4,19
20,5,10
20,6,4
20,7,8
20,8,13
20,9,16
20,10,2
20,11,1
20,12,12
20,13,11
20,14,22
20,15,23
20,16,17
20,17,7
20,18,3
20,19,20
20,20,25
20,21,21
20,22,18
20,23,5
20,24,15
21,0,1
21,1,8
21,2,18
21,3,12
21,4,13
21,5,20
21,6,5
21,7,23
21,8,7
21,9,21
21,10,3
21,11,9
21,12,24
21,13,10
21,14,16
21,15,25
21,16,15
21,17,6
21,18,2
21,19,22
21,20,4
21,21,19
21,22,14
21,23,11
21,24,17
22,0,20
22,1,3
22,2,11
22,3,5
22,4,16
22,5,1
22,6,17
22,7,22
22,8,19
22,9,24
22,10,14
22,11,23
22,12,25
22,13,15
22,14,21
22,15,9
22,16,8
22,17,4
22,18,18
22,19,13
22,20,10
22,21,2
22,22,12
22,23,6
22,24,7
23,0,4
23,1,22
23,2,21
23,3,7
23,4,2
23,5,11
23,6,15
23,7,18
23,8,25
23,9,9
23,10,17
23,11,6
23,12,8
23,13,13
23,14,19
23,15,5
23,16,14
23,17,10
23,18,16
23,19,12
23,20,24
23,21,1
23,22,3
23,23,23
23,24,20
24,0,25
24,1,10
24,2,17
24,3,15
24,4,23
24,5,14
24,6,2
24,7,12
24,8,3
24,9,6
24,10,5
24,11,20
24,12,18
24,13,7
24,14,4
24,15,1
24,16,21
24,17,11
24,18,19
24,19,24
24,20,9
24,21,8
24,22,22
24,23,13
24,24,16
