0,0,10
0,1,3
0,2,16
0,3,4
0,4,11
0,5,5
0,6,21
0,7,9
0,8,12
0,9,24
0,10,15
0,11,17
0,12,7
0,13,14
0,14,22
0,15,18
0,16,25
0,17,8
0,18,1
0,19,19
0,20,20
0,21,6
0,22,2
0,23,23
0,24,13
1,0,2
1,1,6
1,2,7
1,3,15
1,4,18
1,5,1
1,6,4
1,7,22
1,8,13
1,9,19
1,10,10
1,11,20
1,12,12
1,13,8
1,14,11
1,15,14
1,16,3
1,17,16
1,18,17
1,19,23
1,20,25
1,21,5
1,22,21
1,23,24
1,24,9
2,0,19
2,1,24
2,2,1
2,3,17
2,4,5
2,5,2
2,6,20
2,7,14
2,8,15
2,9,25
2,10,6
2,11,9
2,12,3
2,13,23
2,14,18
2,15,4
2,16,22
2,17,21
2,18,13
2,19,10
2,20,16
2,21,8
2,22,7
2,23,11
2,24,12
3,0,9
3,1,13
3,2,12
3,3,14
3,4,8
3,5,3
3,6,11
3,7,7
3,8,10
3,9,23
3,10,19
3,11,21
3,12,25
3,13,16
3,14,2
3,15,20
3,16,15
3,17,24
3,18,5
3,19,6
3,20,4
3,21,17
3,22,1
3,23,22
3,24,18
4,0,20
4,1,22
4,2,21
4,3,25
4,4,23
4,5,18
4,6,17
4,7,8
4,8,16
4,9,6
4,10,13
4,11,24
4,12,5
4,13,1
4,14,4
4,15,2
4,16,11
4,17,12
4,18,7
4,19,9
4,20,19
4,21,3
4,22,15
4,23,10
4,24,14
5,0,16
5,1,25
5,2,15
5,3,21
5,4,12
5,5,11
5,6,23
5,7,10
5,8,17
5,9,5
5,10,18
5,11,19
5,12,22
5,13,4
5,14,7
5,15,9
5,16,6
5,17,13
5,18,2
5,19,8
5,20,24
5,21,14
5,22,20
5,23,1
5,24,3
6,0,7
6,1,10
6,2,4
6,3,8
6,4,24
6,5,15
6,6,12
6,7,3
6,8,6
6,9,9
6,10,14
6,11,2
6,12,1
6,13,11
6,14,5
6,15,16
6,16,20
6,17,18
6,18,23
6,19,21
6,20,22
6,21,13
6,22,25
6,23,19
6,24,17
7,0,13
7,1,1
7,2,9
7,3,22
7,4,19
7,5,21
7,6,14
7,7,16
7,8,2
7,9,18
7,10,8
7,11,10
7,12,20
7,13,25
7,14,3
7,15,7
7,16,17
7,17,4
7,18,15
7,19,24
7,20,11
7,21,23
7,22,12
7,23,6
7,24,5
8,0,14
8,1,23
8,2,18
8,3,5
8,4,20
8,5,25
8,6,19
8,7,4
8,8,1
8,9,13
8,10,21
8,11,6
8,12,24
8,13,9
8,14,17
8,15,11
8,16,10
8,17,3
8,18,22
8,19,12
8,20,15
8,21,2
8,22,8
8,23,16
8,24,7
9,0,11
9,1,17
9,2,3
9,3,6
9,4,2
9,5,7
9,6,22
9,7,20
9,8,24
9,9,8
9,10,16
9,11,23
9,12,13
9,13,12
9,14,15
9,15,5
9,16,19
9,17,1
9,18,14
9,19,25
9,20,18
9,21,21
9,22,4
9,23,9
9,24,10
10,0,5
10,1,12
10,2,13
10,3,16
10,4,17
10,5,9
10,6,2
10,7,21
10,8,7
10,9,14
10,10,25
10,11,22
10,12,10
10,13,20
10,14,6
10,15,24
10,16,4
10,17,19
10,18,18
10,19,11
10,20,23
10,21,1
10,22,3
10,23,8
10,24,15
11,0,18
11,1,20
11,2,11
11,3,19
11,4,7
11,5,13
11,6,24
11,7,23
11,8,3
11,9,1
11,10,17
11,11,8
11,12,4
11,13,5
11,14,16
11,15,6
11,16,14
11,17,15
11,18,21
11,19,2
11,20,9
11,21,12
11,22,10
11,23,25
11,24,22
12,0,24
12,1,2
12,2,8
12,3,10
12,4,14
12,5,4
12,6,25
12,7,6
12,8,18
12,9,22
12,10,7
12,11,15
12,12,19
12,13,3
12,14,1
12,15,12
12,16,16
12,17,23
12,18,9
12,19,17
12,20,21
12,21,11
12,22,5
12,23,13
12,24,20
13,0,6
13,1,21
13,2,25
13,3,3
13,4,4
13,5,12
13,6,8
13,7,17
13,8,5
13,9,15
13,10,9
13,11,11
13,12,23
13,13,13
13,14,24
13,15,22
13,16,1
13,17,20
13,18,10
13,19,7
13,20,2
13,21,18
13,22,19
13,23,14
13,24,16
14,0,23
14,1,15
14,2,22
14,3,9
14,4,1
14,5,20
14,6,16
14,7,19
14,8,11
14,9,10
14,10,12
14,11,18
14,12,2
14,13,21
14,14,14
14,15,13
14,16,8
14,17,25
14,18,3
14,19,5
14,20,17
14,21,4
14,22,24
14,23,7
14,24,6
15,0,1
15,1,11
15,2,23
15,3,12
15,4,13
15,5,17
15,6,7
15,7,25
15,8,19
15,9,20
15,10,4
15,11,5
15,12,9
15,13,6
15,14,10
15,15,15
15,16,24
15,17,2
15,18,16
15,19,14
15,20,3
15,21,22
15,22,18
15,23,21
15,24,8
16,0,4
16,1,8
16,2,14
16,3,2
16,4,15
16,5,10
16,6,5
16,7,13
16,8,9
16,9,11
16,10,24
16,11,16
16,12,17
16,13,22
16,14,12
16,15,3
16,16,21
16,17,7
16,18,19
16,19,18
16,20,1
16,21,25
16,22,6
16,23,20
16,24,23
17,0,22
17,1,16
17,2,10
17,3,24
17,4,6
17,5,23
17,6,15
17,7,12
17,8,4
17,9,2
17,10,20
17,11,3
17,12,21
17,13,18
17,14,25
17,15,1
17,16,5
17,17,9
17,18,8
17,19,13
17,20,14
17,21,7
17,22,11
17,23,17
17,24,19
18,0,3
18,1,19
18,2,17
18,3,7
18,4,9
18,5,14
18,6,18
18,7,1
18,8,22
18,9,21
18,10,23
18,11,13
18,12,11
18,13,2
18,14,8
18,15,25
18,16,12
18,17,10
18,18,6
18,19,20
18,20,5
18,21,15
18,22,16
18,23,4
18,24,24
19,0,25
19,1,18
19,2,5
19,3,20
19,4,21
19,5,16
19,6,6
19,7,24
19,8,8
19,9,3
19,10,1
19,11,14
19,12,15
19,13,7
19,14,19
19,15,17
19,16,23
19,17,11
19,18,4
19,19,22
19,20,13
19,21,10
19,22,9
19,23,12
19,24,2
20,0,12
20,1,7
20,2,20
20,3,1
20,4,16
20,5,22
20,6,3
20,7,18
20,8,23
20,9,17
20,10,11
20,11,4
20,12,6
20,13,19
20,14,21
20,15,10
20,16,2
20,17,14
20,18,24
20,19,15
20,20,8
20,21,9
20,22,13
20,23,5
20,24,25
21,0,21
21,1,14
21,2,6
21,3,23
21,4,10
21,5,8
21,6,13
21,7,2
21,8,25
21,9,16
21,10,5
21,11,1
21,12,18
21,13,15
21,14,20
21,15,19
21,16,9
21,17,17
21,18,12
21,19,4
21,20,7
21,21,24
21,22,22
21,23,3
21,24,11
22,0,15
22,1,9
22,2,19
22,3,18
22,4,22
22,5,6
22,6,10
22,7,11
22,8,14
22,9,4
22,10,3
22,11,25
22,12,8
22,13,24
22,14,13
22,15,23
22,16,7
22,17,5
22,18,20
22,19,1
22,20,12
22,21,16
22,22,17
22,23,2
22,24,21
23,0,17
23,1,4
23,2,24
23,3,13
23,4,25
23,5,19
23,6,9
23,7,5
23,8,21
23,9,12
23,10,2
23,11,7
23,12,16
23,13,10
23,14,23
23,15,8
23,16,18
23,17,22
23,18,11
23,19,3
23,20,6
23,21,20
23,22,14
23,23,15
23,24,1
24,0,8
24,1,5
24,2,2
24,3,11
24,4,3
24,5,24
24,6,1
24,7,15
24,8,20
24,9,7
24,10,22
24,11,12
24,12,14
24,13,17
24,14,9
24,15,21
24,16,13
24,17,6
24,18,25
24,19,16
24,20,10
24,21,19
24,22,23
24,23,18
24,24,4
