0,0,8
0,1,20
0,2,4
0,3,15
0,4,2
0,5,19
0,6,14
0,7,23
0,8,5
0,9,24
0,10,22
0,11,16
0,12,17
0,13,3
0,14,18
0,15,25
0,16,9
0,17,6
0,18,21
0,19,10
0,20,12
0,21,7
0,22,11
0,23,13
0,24,1
1,0,6
1,1,7
1,2,22
1,3,3
1,4,11
1,5,25
1,6,10
1,7,21
1,8,8
1,9,13
1,10,9
1,11,23
1,12,1
1,13,5
1,14,15
1,15,20
1,16,14
1,17,17
1,18,12
1,19,2
1,20,4
1,21,18
1,22,19
1,23,16
1,24,24
2,0,25
2,1,16
2,2,21
2,3,18
2,4,24
2,5,1
2,6,3
2,7,22
2,8,15
2,9,11
2,10,12
2,11,10
2,12,4
2,13,8
2,14,2
2,15,7
2,16,13
2,17,5
2,18,23
2,19,19
2,20,9
2,21,20
2,22,14
2,23,17
2,24,6
3,0,5
3,1,19
3,2,14
3,3,12
3,4,1
3,5,16
3,6,9
3,7,17
3,8,20
3,9,4
3,10,13
3,11,21
3,12,25
3,13,6
3,14,7
3,15,8
3,16,11
3,17,18
3,18,22
3,19,24
3,20,2
3,21,10
3,22,15
3,23,23
3,24,3
4,0,17
4,1,13
4,2,23
4,3,9
4,4,10
4,5,2
4,6,12
4,7,7
4,8,18
4,9,6
4,10,19
4,11,11
4,12,20
4,13,14
4,14,24
4,15,3
4,16,16
4,17,15
4,18,1
4,19,4
4,20,8
4,21,25
4,22,5
4,23,22
4,24,21
5,0,16
5,1,5
5,2,18
5,3,13
5,4,15
5,5,14
5,6,24
5,7,19
5,8,9
5,9,17
5,10,21
5,11,25
5,12,7
5,13,20
5,14,3
5,15,22
5,16,2
5,17,4
5,18,10
5,19,6
5,20,11
5,21,23
5,22,1
5,23,12
5,24,8
6,0,11
6,1,14
6,2,19
6,3,2
6,4,7
6,5,21
6,6,5
6,7,16
6,8,22
6,9,12
6,10,24
6,11,9
6,12,15
6,13,13
6,14,23
6,15,1
6,16,20
6,17,8
6,18,3
6,19,25
6,20,17
6,21,6
6,22,4
6,23,18
6,24,10
7,0,3
7,1,9
7,2,12
7,3,23
7,4,22
7,5,4
7,6,25
7,7,10
7,8,1
7,9,8
7,10,6
7,11,18
7,12,5
7,13,16
7,14,11
7,15,21
7,16,17
7,17,13
7,18,24
7,19,14
7,20,7
7,21,15
7,22,2
7,23,19
7,24,20
8,0,1
8,1,21
8,2,25
8,3,24
8,4,8
8,5,6
8,6,7
8,7,18
8,8,3
8,9,20
8,10,2
8,11,4
8,12,14
8,13,10
8,14,17
8,15,19
8,16,12
8,17,23
8,18,11
8,19,15
8,20,13
8,21,22
8,22,16
8,23,5
8,24,9
9,0,20
9,1,4
9,2,6
9,3,10
9,4,17
9,5,13
9,6,23
9,7,11
9,8,2
9,9,15
9,10,1
9,11,22
9,12,8
9,13,12
9,14,19
9,15,18
9,16,5
9,17,7
9,18,16
9,19,9
9,20,25
9,21,21
9,22,24
9,23,3
9,24,14
10,0,12
10,1,18
10,2,7
10,3,16
10,4,23
10,5,15
10,6,2
10,7,4
10,8,21
10,9,22
10,10,8
10,11,13
10,12,19
10,13,9
10,14,10
10,15,17
10,16,1
10,17,3
10,18,6
10,19,20
10,20,14
10,21,5
10,22,25
10,23,24
10,24,11
11,0,10
11,1,2
11,2,11
11,3,6
11,4,5
11,5,20
11,6,17
11,7,25
11,8,16
11,9,14
11,10,3
11,11,15
11,12,21
11,13,23
11,14,1
11,15,12
11,16,24
11,17,22
11,18,19
11,19,7
11,20,18
11,21,8
11,22,9
11,23,4
11,24,13
12,0,24
12,1,22
12,2,17
12,3,19
12,4,9
12,5,12
12,6,8
12,7,5
12,8,23
12,9,10
12,10,20
12,11,2
12,12,16
12,13,11
12,14,25
12,15,15
12,16,4
12,17,14
12,18,18
12,19,13
12,20,1
12,21,3
12,22,6
12,23,21
12,24,7
13,0,15
13,1,3
13,2,13
13,3,20
13,4,4
13,5,24
13,6,1
13,7,6
13,8,7
13,9,9
13,10,14
13,11,5
13,12,18
13,13,17
13,14,12
13,15,11
13,16,23
13,17,21
13,18,25
13,19,8
13,20,10
13,21,19
13,22,22
13,23,2
13,24,16
14,0,21
14,1,25
14,2,1
14,3,8
14,4,14
14,5,18
14,6,11
14,7,13
14,8,19
14,9,3
14,10,7
14,11,6
14,12,24
14,13,22
14,14,4
14,15,5
14,16,10
14,17,2
14,18,9
14,19,16
14,20,23
14,21,12
14,22,20
14,23,15
14,24,17
15,0,4
15,1,23
15,2,3
15,3,5
15,4,18
15,5,7
15,6,19
15,7,9
15,8,6
15,9,16
15,10,11
15,11,14
15,12,13
15,13,2
15,14,22
15,15,10
15,16,25
15,17,24
15,18,20
15,19,17
15,20,21
15,21,1
15,22,12
15,23,8
15,24,15
16,0,19
16,1,15
16,2,9
16,3,11
16,4,25
16,5,8
16,6,21
16,7,24
16,8,13
16,9,2
16,10,4
16,11,20
16,12,3
16,13,1
16,14,5
16,15,6
16,16,7
16,17,12
16,18,14
16,19,18
16,20,22
16,21,16
16,22,17
16,23,10
16,24,23
17,0,13
17,1,17
17,2,20
17,3,22
17,4,16
17,5,23
17,6,18
17,7,14
17,8,12
17,9,25
17,10,15
17,11,8
17,12,10
17,13,24
17,14,6
17,15,4
17,16,21
17,17,1
17,18,5
17,19,3
17,20,19
17,21,11
17,22,7
17,23,9
17,24,2
18,0,14
18,1,10
18,2,8
18,3,1
18,4,21
18,5,22
18,6,20
18,7,3
18,8,17
18,9,5
18,10,25
18,11,7
18,12,12
18,13,19
18,14,16
18,15,9
18,16,15
18,17,11
18,18,2
18,19,23
18,20,24
18,21,13
18,22,18
18,23,6
18,24,4
19,0,2
19,1,12
19,2,24
19,3,7
19,4,6
19,5,11
19,6,4
19,7,15
19,8,10
19,9,1
19,10,18
19,11,17
19,12,23
19,13,21
19,14,9
19,15,13
19,16,19
19,17,16
19,18,8
19,19,22
19,20,5
19,21,14
19,22,3
19,23,20
19,24,25
20,0,23
20,1,6
20,2,10
20,3,14
20,4,19
20,5,9
20,6,15
20,7,20
20,8,24
20,9,21
20,10,5
20,11,1
20,12,22
20,13,7
20,14,13
20,15,2
20,16,3
20,17,25
20,18,4
20,19,12
20,20,16
20,21,17
20,22,8
20,23,11
20,24,18
21,0,9
21,1,1
21,2,15
21,3,17
21,4,13
21,5,10
21,6,22
21,7,12
21,8,11
21,9,19
21,10,16
21,11,24
21,12,6
21,13,4
21,14,8
21,15,14
21,16,18
21,17,20
21,18,7
21,19,21
21,20,3
21,21,2
21,22,23
21,23,25
21,24,5
22,0,7
22,1,11
22,2,5
22,3,21
22,4,3
22,5,17
22,6,16
22,7,8
22,8,25
22,9,18
22,10,23
22,11,19
22,12,2
22,13,15
22,14,20
22,15,24
22,16,22
22,17,9
22,18,13
22,19,1
22,20,6
22,21,4
22,22,10
22,23,14
22,24,12
23,0,18
23,1,24
23,2,2
23,3,4
23,4,20
23,5,3
23,6,6
23,7,1
23,8,14
23,9,23
23,10,10
23,11,12
23,12,11
23,13,25
23,14,21
23,15,16
23,16,8
23,17,19
23,18,17
23,19,5
23,20,15
23,21,9
23,22,13
23,23,7
23,24,22
24,0,22
24,1,8
24,2,16
24,3,25
24,4,12
24,5,5
24,6,13
24,7,2
24,8,4
24,9,7
24,10,17
24,11,3
24,12,9
24,13,18
24,14,14
24,15,23
24,16,6
24,17,10
24,18,15
24,19,11
24,20,20
24,21,24
24,22,21
24,23,1
24,24,19
