0,0,16
0,1,14
0,2,18
0,3,8
0,4,4
0,5,3
0,6,2
0,7,1
0,8,15
0,9,24
0,10,9
0,11,21
0,12,5
0,13,7
0,14,13
0,15,12
0,16,20
0,17,23
0,18,17
0,19,22
0,20,10
0,21,6
0,22,19
0,23,11
0,24,25
1,0,21
1,1,13
1,2,22
1,3,25
1,4,17
1,5,23
1,6,6
1,7,4
1,8,11
1,9,10
1,10,24
1,11,2
1,12,20
1,13,19
1,14,3
1,15,15
1,16,16
1,17,5
1,18,7
1,19,8
1,20,9
1,21,18
1,22,14
1,23,1
1,24,12
2,0,15
2,1,6
2,2,23
2,3,3
2,4,2
2,5,5
2,6,12
2,7,7
2,8,25
2,9,14
2,10,18
2,11,8
2,12,1
2,13,17
2,14,16
2,15,19
2,16,9
2,17,11
2,18,13
2,19,10
2,20,20
2,21,4
2,22,24
2,23,21
2,24,22
3,0,5
3,1,19
3,2,11
3,3,10
3,4,1
3,5,21
3,6,9
3,7,17
3,8,20
3,9,13
3,10,6
3,11,22
3,12,23
3,13,14
3,14,12
3,15,18
3,16,24
3,17,2
3,18,25
3,19,4
3,20,3
3,21,15
3,22,7
3,23,16
3,24,8
4,0,24
4,1,9
4,2,12
4,3,20
4,4,7
4,5,19
4,6,8
4,7,22
4,8,16
4,9,18
4,10,25
4,11,15
4,12,10
4,13,4
4,14,11
4,15,14
4,16,1
4,17,6
4,18,3
4,19,21
4,20,13
4,21,17
4,22,2
4,23,23
4,24,5
5,0,17
5,1,22
5,2,9
5,3,11
5,4,19
5,5,15
5,6,10
5,7,21
5,8,1
5,9,4
5,10,14
5,11,5
5,12,8
5,13,3
5,14,2
5,15,20
5,16,6
5,17,16
5,18,23
5,19,25
5,20,24
5,21,12
5,22,13
5,23,18
5,24,7
6,0,8
6,1,18
6,2,3
6,3,15
6,4,23
6,5,2
6,6,14
6,7,6
6,8,22
6,9,7
6,10,1
6,11,17
6,12,24
6,13,9
6,14,20
6,15,5
6,16,19
6,17,12
6,18,21
6,19,13
6,20,11
6,21,16
6,22,25
6,23,10
6,24,4
7,0,1
7,1,20
7,2,10
7,3,5
7,4,14
7,5,8
7,6,13
7,7,12
7,8,24
7,9,16
7,10,19
7,11,6
7,12,25
7,13,21
7,14,7
7,15,11
7,16,4
7,17,18
7,18,15
7,19,2
7,20,23
7,21,3
7,22,22
7,23,17
7,24,9
8,0,4
8,1,21
8,2,6
8,3,24
8,4,16
8,5,18
8,6,3
8,7,5
8,8,9
8,9,25
8,10,12
8,11,11
8,12,15
8,13,13
8,14,23
8,15,8
8,16,22
8,17,7
8,18,10
8,19,17
8,20,1
8,21,19
8,22,20
8,23,14
8,24,2
9,0,25
9,1,2
9,2,13
9,3,7
9,4,12
9,5,20
9,6,11
9,7,23
9,8,17
9,9,19
9,10,22
9,11,4
9,12,16
9,13,18
9,14,10
9,15,24
9,16,14
9,17,9
9,18,1
9,19,3
9,20,15
9,21,5
9,22,8
9,23,6
9,24,21
10,0,7
10,1,1
10,2,2
10,3,22
10,4,9
10,5,24
10,6,23
10,7,16
10,8,10
10,9,17
10,10,21
10,11,19
10,12,14
10,13,15
10,14,4
10,15,25
10,16,12
10,17,20
10,18,5
10,19,18
10,20,8
10,21,13
10,22,6
10,23,3
10,24,11
11,0,6
11,1,11
11,2,21
11,3,4
11,4,18
11,5,25
11,6,5
11,7,3
11,8,14
11,9,9
11,10,8
11,11,20
11,12,7
11,13,23
11,14,1
11,15,17
11,16,13
11,17,10
11,18,24
11,19,19
11,20,2
11,21,22
11,22,16
11,23,12
11,24,15
12,0,14
12,1,15
12,2,25
12,3,17
12,4,8
12,5,12
12,6,22
12,7,19
12,8,18
12,9,1
12,10,13
12,11,3
12,12,9
12,13,6
12,14,5
12,15,23
12,16,2
12,17,4
12,18,16
12,19,11
12,20,7
12,21,21
12,22,10
12,23,24
12,24,20
13,0,13
13,1,23
13,2,24
13,3,16
13,4,5
13,5,11
13,6,21
13,7,15
13,8,2
13,9,20
13,10,17
13,11,12
13,12,22
13,13,10
13,14,18
13,15,3
13,16,7
13,17,8
13,18,6
13,19,1
13,20,4
13,21,14
13,22,9
13,23,25
13,24,19
14,0,10
14,1,12
14,2,20
14,3,19
14,4,3
14,5,13
14,6,4
14,7,8
14,8,7
14,9,6
14,10,16
14,11,25
14,12,11
14,13,2
14,14,24
14,15,22
14,16,15
14,17,21
14,18,9
14,19,14
14,20,17
14,21,23
14,22,1
14,23,5
14,24,18
15,0,23
15,1,4
15,2,15
15,3,1
15,4,11
15,5,9
15,6,17
15,7,14
15,8,3
15,9,22
15,10,7
15,11,16
15,12,18
15,13,12
15,14,8
15,15,13
15,16,5
15,17,25
15,18,2
15,19,24
15,20,6
15,21,20
15,22,21
15,23,19
15,24,10
16,0,2
16,1,24
16,2,17
16,3,18
16,4,10
16,5,7
16,6,20
16,7,11
16,8,13
16,9,12
16,10,15
16,11,14
16,12,19
16,13,25
16,14,6
16,15,16
16,16,21
16,17,22
16,18,8
16,19,9
16,20,5
16,21,1
16,22,3
16,23,4
16,24,23
17,0,19
17,1,16
17,2,8
17,3,13
17,4,22
17,5,4
17,6,24
17,7,18
17,8,6
17,9,5
17,10,2
17,11,10
17,12,21
17,13,11
17,14,9
17,15,1
17,16,3
17,17,17
17,18,20
17,19,23
17,20,12
17,21,25
17,22,15
17,23,7
17,24,14
18,0,20
18,1,3
18,2,14
18,3,21
18,4,6
18,5,10
18,6,1
18,7,25
18,8,8
18,9,15
18,10,23
18,11,24
18,12,13
18,13,5
18,14,22
18,15,7
18,16,11
18,17,19
18,18,4
18,19,12
18,20,16
18,21,2
18,22,18
18,23,9
18,24,17
19,0,12
19,1,7
19,2,5
19,3,9
19,4,25
19,5,16
19,6,19
19,7,2
19,8,23
19,9,21
19,10,4
19,11,1
19,12,3
19,13,20
19,14,17
19,15,6
19,16,10
19,17,14
19,18,18
19,19,15
19,20,22
19,21,24
19,22,11
19,23,8
19,24,13
20,0,9
20,1,17
20,2,4
20,3,14
20,4,13
20,5,1
20,6,25
20,7,24
20,8,21
20,9,2
20,10,20
20,11,7
20,12,6
20,13,22
20,14,19
20,15,10
20,16,8
20,17,3
20,18,12
20,19,5
20,20,18
20,21,11
20,22,23
20,23,15
20,24,16
21,0,22
21,1,10
21,2,19
21,3,12
21,4,24
21,5,6
21,6,7
21,7,20
21,8,4
21,9,23
21,10,11
21,11,18
21,12,17
21,13,8
21,14,15
21,15,2
21,16,25
21,17,1
21,18,14
21,19,16
21,20,21
21,21,9
21,22,5
21,23,13
21,24,3
22,0,11
22,1,5
22,2,7
22,3,6
22,4,15
22,5,14
22,6,18
22,7,13
22,8,19
22,9,8
22,10,3
22,11,23
22,12,4
22,13,16
22,14,21
22,15,9
22,16,17
22,17,24
22,18,22
22,19,20
22,20,25
22,21,10
22,22,12
22,23,2
22,24,1
23,0,18
23,1,25
23,2,1
23,3,2
23,4,20
23,5,17
23,6,16
23,7,9
23,8,5
23,9,3
23,10,10
23,11,13
23,12,12
23,13,24
23,14,14
23,15,21
23,16,23
23,17,15
23,18,11
23,19,7
23,20,19
23,21,8
23,22,4
23,23,22
23,24,6
24,0,3
24,1,8
24,2,16
24,3,23
24,4,21
24,5,22
24,6,15
24,7,10
24,8,12
24,9,11
24,10,5
24,11,9
24,12,2
24,13,1
24,14,25
24,15,4
24,16,18
24,17,13
24,18,19
24,19,6
24,20,14
24,21,7
24,22,17
24,23,20
24,24,24
