0,0,5
0,1,23
0,2,14
0,3,18
0,4,4
0,5,1
0,6,11
0,7,24
0,8,10
0,9,6
0,10,2
0,11,20
0,12,25
0,13,16
0,14,9
0,15,19
0,16,22
0,17,8
0,18,13
0,19,15
0,20,7
0,21,3
0,22,17
0,23,12
0,24,21
1,0,20
1,1,1
1,2,7
1,3,15
1,4,13
1,5,4
1,6,5
1,7,12
1,8,14
1,9,2
1,10,8
1,11,17
1,12,24
1,13,19
1,14,3
1,15,21
1,16,9
1,17,16
1,18,10
1,19,25
1,20,11
1,21,18
1,22,22
1,23,23
1,24,6
2,0,11
2,1,9
2,2,25
2,3,2
2,4,17
2,5,19
2,6,21
2,7,23
2,8,8
2,9,22
2,10,4
2,11,5
2,12,18
2,13,12
2,14,7
2,15,6
2,16,3
2,17,1
2,18,20
2,19,24
2,20,16
2,21,10
2,22,13
2,23,15
2,24,14
3,0,8
3,1,16
3,2,21
3,3,19
3,4,12
3,5,3
3,6,15
3,7,25
3,8,7
3,9,13
3,10,6
3,11,11
3,12,14
3,13,10
3,14,22
3,15,4
3,16,2
3,17,23
3,18,17
3,19,18
3,20,5
3,21,9
3,22,24
3,23,20
3,24,1
4,0,6
4,1,24
4,2,3
4,3,10
4,4,22
4,5,9
4,6,17
4,7,20
4,8,18
4,9,16
4,10,13
4,11,21
4,12,23
4,13,1
4,14,15
4,15,7
4,16,5
4,17,14
4,18,11
4,19,12
4,20,4
4,21,2
4,22,19
4,23,8
4,24,25
5,0,18
5,1,20
5,2,10
5,3,3
5,4,8
5,5,21
5,6,4
5,7,16
5,8,25
5,9,11
5,10,19
5,11,24
5,12,12
5,13,13
5,14,17
5,15,9
5,16,14
5,17,15
5,18,7
5,19,22
5,20,1
5,21,6
5,22,23
5,23,2
5,24,5
6,0,25
6,1,17
6,2,13
6,3,7
6,4,6
6,5,14
6,6,24
6,7,9
6,8,22
6,9,12
6,10,11
6,11,1
6,12,5
6,13,20
6,14,16
6,15,8
6,16,23
6,17,3
6,18,4
6,19,2
6,20,15
6,21,21
6,22,18
6,23,19
6,24,10
7,0,16
7,1,22
7,2,1
7,3,11
7,4,5
7,5,18
7,6,23
7,7,3
7,8,2
7,9,15
7,10,7
7,11,8
7,12,10
7,13,21
7,14,14
7,15,17
7,16,12
7,17,24
7,18,19
7,19,6
7,20,13
7,21,20
7,22,25
7,23,4
7,24,9
8,0,12
8,1,15
8,2,24
8,3,23
8,4,2
8,5,6
8,6,1
8,7,5
8,8,20
8,9,19
8,10,22
8,11,4
8,12,9
8,13,3
8,14,18
8,15,13
8,16,11
8,17,10
8,18,25
8,19,21
8,20,8
8,21,16
8,22,7
8,23,14
8,24,17
9,0,21
9,1,14
9,2,4
9,3,9
9,4,19
9,5,13
9,6,8
9,7,10
9,8,17
9,9,7
9,10,15
9,11,23
9,12,6
9,13,2
9,14,25
9,15,16
9,16,18
9,17,5
9,18,1
9,19,20
9,20,3
9,21,22
9,22,12
9,23,24
9,24,11
10,0,17
10,1,7
10,2,12
10,3,20
10,4,16
10,5,8
10,6,10
10,7,6
10,8,13
10,9,4
10,10,23
10,11,19
10,12,21
10,13,25
10,14,24
10,15,2
10,16,1
10,17,18
10,18,5
10,19,3
10,20,22
10,21,14
10,22,9
10,23,11
10,24,15
11,0,10
11,1,21
11,2,2
11,3,4
11,4,14
11,5,11
11,6,25
11,7,19
11,8,5
11,9,1
11,10,16
11,11,18
11,12,3
11,13,15
11,14,12
11,15,23
11,16,7
11,17,9
11,18,22
11,19,8
11,20,6
11,21,24
11,22,20
11,23,17
11,24,13
12,0,3
12,1,18
12,2,8
12,3,22
12,4,11
12,5,20
12,6,12
12,7,21
12,8,16
12,9,9
12,10,14
12,11,2
12,12,17
12,13,6
12,14,4
12,15,15
12,16,25
12,17,19
12,18,24
12,19,13
12,20,10
12,21,1
12,22,5
12,23,7
12,24,23
13,0,19
13,1,6
13,2,5
13,3,24
13,4,23
13,5,22
13,6,3
13,7,7
13,8,15
13,9,14
13,10,1
13,11,13
13,12,8
13,13,9
13,14,20
13,15,10
13,16,4
13,17,17
13,18,21
13,19,11
13,20,12
13,21,25
13,22,16
13,23,18
13,24,2
14,0,9
14,1,25
14,2,15
14,3,13
14,4,1
14,5,17
14,6,2
14,7,18
14,8,23
14,9,24
14,10,10
14,11,22
14,12,11
14,13,7
14,14,5
14,15,20
14,16,6
14,17,12
14,18,16
14,19,14
14,20,19
14,21,4
14,22,21
14,23,3
14,24,8
15,0,13
15,1,4
15,2,17
15,3,5
15,4,9
15,5,23
15,6,18
15,7,15
15,8,6
15,9,25
15,10,12
15,11,7
15,12,22
15,13,8
15,14,2
15,15,24
15,16,16
15,17,20
15,18,3
15,19,10
15,20,21
15,21,11
15,22,14
15,23,1
15,24,19
16,0,22
16,1,12
16,2,19
16,3,8
16,4,10
16,5,24
16,6,13
16,7,14
16,8,9
16,9,3
16,10,18
16,11,25
16,12,15
16,13,11
16,14,1
16,15,5
16,16,17
16,17,21
16,18,2
16,19,4
16,20,23
16,21,7
16,22,6
16,23,16
16,24,20
17,0,15
17,1,11
17,2,18
17,3,14
17,4,21
17,5,2
17,6,16
17,7,22
17,8,1
17,9,17
17,10,3
17,11,9
17,12,20
17,13,4
17,14,10
17,15,25
17,16,19
17,17,6
17,18,23
17,19,7
17,20,24
17,21,5
17,22,8
17,23,13
17,24,12
18,0,7
18,1,3
18,2,23
18,3,6
18,4,25
18,5,12
18,6,20
18,7,8
18,8,4
18,9,21
18,10,24
18,11,14
18,12,16
18,13,5
18,14,19
18,15,11
18,16,15
18,17,13
18,18,18
18,19,1
18,20,2
18,21,17
18,22,10
18,23,9
18,24,22
19,0,1
19,1,2
19,2,20
19,3,16
19,4,24
19,5,5
19,6,7
19,7,11
19,8,19
19,9,10
19,10,17
19,11,6
19,12,13
19,13,23
19,14,21
19,15,12
19,16,8
19,17,22
19,18,14
19,19,9
19,20,18
19,21,15
19,22,3
19,23,25
19,24,4
20,0,14
20,1,10
20,2,16
20,3,12
20,4,20
20,5,7
20,6,9
20,7,2
20,8,3
20,9,23
20,10,21
20,11,15
20,12,1
20,13,24
20,14,11
20,15,22
20,16,13
20,17,25
20,18,8
20,19,5
20,20,17
20,21,19
20,22,4
20,23,6
20,24,18
21,0,4
21,1,5
21,2,11
21,3,17
21,4,15
21,5,10
21,6,19
21,7,13
21,8,21
21,9,8
21,10,25
21,11,3
21,12,2
21,13,18
21,14,6
21,15,14
21,16,20
21,17,7
21,18,12
21,19,16
21,20,9
21,21,23
21,22,1
21,23,22
21,24,24
22,0,2
22,1,13
22,2,22
22,3,25
22,4,7
22,5,16
22,6,14
22,7,4
22,8,24
22,9,18
22,10,9
22,11,10
22,12,19
22,13,17
22,14,8
22,15,1
22,16,21
22,17,11
22,18,6
22,19,23
22,20,20
22,21,12
22,22,15
22,23,5
22,24,3
23,0,23
23,1,19
23,2,6
23,3,21
23,4,18
23,5,15
23,6,22
23,7,1
23,8,11
23,9,5
23,10,20
23,11,12
23,12,7
23,13,14
23,14,13
23,15,3
23,16,24
23,17,4
23,18,9
23,19,17
23,20,25
23,21,8
23,22,2
23,23,10
23,24,16
24,0,24
24,1,8
24,2,9
24,3,1
24,4,3
24,5,25
24,6,6
24,7,17
24,8,12
24,9,20
24,10,5
24,11,16
24,12,4
24,13,22
24,14,23
24,15,18
24,16,10
24,17,2
24,18,15
24,19,19
24,20,14
24,21,13
24,22,11
24,23,21
24,24,7
