0,0,18
0,1,1
0,2,19
0,3,2
0,4,11
0,5,3
0,6,17
0,7,8
0,8,12
0,9,15
0,10,7
0,11,16
0,12,4
0,13,14
0,14,22
0,15,23
0,16,9
0,17,5
0,18,20
0,19,25
0,20,6
0,21,21
0,22,24
0,23,10
0,24,13
1,0,4
1,1,25
1,2,15
1,3,22
1,4,14
1,5,24
1,6,6
1,7,23
1,8,9
1,9,11
1,10,17
1,11,5
1,12,2
1,13,10
1,14,20
1,15,8
1,16,19
1,17,21
1,18,1
1,19,13
1,20,12
1,21,3
1,22,7
1,23,18
1,24,16
2,0,23
2,1,13
2,2,5
2,3,12
2,4,3
2,5,21
2,6,7
2,7,4
2,8,19
2,9,10
2,10,1
2,11,24
2,12,6
2,13,9
2,14,8
2,15,15
2,16,16
2,17,14
2,18,18
2,19,11
2,20,17
2,21,25
2,22,20
2,23,22
2,24,2
3,0,7
3,1,6
3,2,10
3,3,21
3,4,20
3,5,16
3,6,5
3,7,2
3,8,25
3,9,1
3,10,15
3,11,12
3,12,13
3,13,19
3,14,18
3,15,4
3,16,17
3,17,3
3,18,24
3,19,22
3,20,9
3,21,11
3,22,8
3,23,23
3,24,14
4,0,9
4,1,17
4,2,16
4,3,8
4,4,24
4,5,22
4,6,18
4,7,14
4,8,13
4,9,20
4,10,23
4,11,25
4,12,21
4,13,3
4,14,11
4,15,7
4,16,10
4,17,6
4,18,2
4,19,12
4,20,5
4,21,4
4,22,19
4,23,15
4,24,1
5,0,11
5,1,15
5,2,23
5,3,5
5,4,19
5,5,12
5,6,2
5,7,10
5,8,6
5,9,18
5,10,20
5,11,21
5,12,3
5,13,16
5,14,25
5,15,14
5,16,24
5,17,7
5,18,4
5,19,9
5,20,22
5,21,17
5,22,13
5,23,1
5,24,8
6,0,16
6,1,12
6,2,25
6,3,10
6,4,7
6,5,1
6,6,15
6,7,21
6,8,22
6,9,19
6,10,2
6,11,18
6,12,24
6,13,8
6,14,17
6,15,3
6,16,6
6,17,11
6,18,13
6,19,5
6,20,23
6,21,9
6,22,14
6,23,4
6,24,20
7,0,3
7,1,14
7,2,20
7,3,1
7,4,2
7,5,25
7,6,11
7,7,5
7,8,7
7,9,8
7,10,9
7,11,23
7,12,15
7,13,13
7,14,4
7,15,21
7,16,22
7,17,18
7,18,16
7,19,17
7,20,19
7,21,24
7,22,10
7,23,6
7,24,12
8,0,21
8,1,22
8,2,4
8,3,24
8,4,8
8,5,9
8,6,14
8,7,13
8,8,23
8,9,17
8,10,5
8,11,11
8,12,12
8,13,6
8,14,7
8,15,20
8,16,2
8,17,19
8,18,10
8,19,1
8,20,16
8,21,18
8,22,3
8,23,25
8,24,15
9,0,6
9,1,18
9,2,9
9,3,13
9,4,17
9,5,20
9,6,24
9,7,3
9,8,4
9,9,16
9,10,10
9,11,22
9,12,14
9,13,1
9,14,19
9,15,12
9,16,15
9,17,8
9,18,25
9,19,23
9,20,21
9,21,5
9,22,2
9,23,11
9,24,7
10,0,20
10,1,7
10,2,13
10,3,17
10,4,18
10,5,5
10,6,16
10,7,12
10,8,15
10,9,4
10,10,14
10,11,19
10,12,23
10,13,24
10,14,1
10,15,25
10,16,11
10,17,22
10,18,6
10,19,3
10,20,10
10,21,2
10,22,9
10,23,8
10,24,21
11,0,10
11,1,24
11,2,1
11,3,19
11,4,6
11,5,14
11,6,22
11,7,9
11,8,11
11,9,7
11,10,21
11,11,2
11,12,18
11,13,25
11,14,12
11,15,17
11,16,5
11,17,15
11,18,8
11,19,20
11,20,4
11,21,23
11,22,16
11,23,13
11,24,3
12,0,5
12,1,9
12,2,8
12,3,23
12,4,21
12,5,19
12,6,20
12,7,25
12,8,2
12,9,13
12,10,3
12,11,4
12,12,16
12,13,15
12,14,10
12,15,1
12,16,14
12,17,24
12,18,7
12,19,18
12,20,11
12,21,22
12,22,12
12,23,17
12,24,6
13,0,14
13,1,11
13,2,12
13,3,3
13,4,15
13,5,18
13,6,21
13,7,24
13,8,8
13,9,6
13,10,22
13,11,13
13,12,17
13,13,7
13,14,9
13,15,16
13,16,4
13,17,2
13,18,23
13,19,10
13,20,1
13,21,19
13,22,5
13,23,20
13,24,25
14,0,2
14,1,4
14,2,22
14,3,25
14,4,16
14,5,10
14,6,23
14,7,1
14,8,17
14,9,3
14,10,6
14,11,8
14,12,11
14,13,20
14,14,5
14,15,9
14,16,13
14,17,12
14,18,19
14,19,21
14,20,18
14,21,14
14,22,15
14,23,7
14,24,24
15,0,15
15,1,20
15,2,7
15,3,9
15,4,25
15,5,6
15,6,3
15,7,19
15,8,5
15,9,22
15,10,24
15,11,14
15,12,1
15,13,23
15,14,2
15,15,18
15,16,21
15,17,10
15,18,12
15,19,4
15,20,13
15,21,8
15,22,17
15,23,16
15,24,11
16,0,17
16,1,3
16,2,18
16,3,4
16,4,12
16,5,23
16,6,1
16,7,15
16,8,20
16,9,2
16,10,25
16,11,10
16,12,9
16,13,11
16,14,21
16,15,6
16,16,8
16,17,13
16,18,5
16,19,16
16,20,14
16,21,7
16,22,22
16,23,24
16,24,19
17,0,19
17,1,10
17,2,2
17,3,16
17,4,13
17,5,17
17,6,8
17,7,18
17,8,24
17,9,9
17,10,4
17,11,7
17,12,5
17,13,12
17,14,15
17,15,11
17,16,20
17,17,25
17,18,22
17,19,14
17,20,3
17,21,1
17,22,6
17,23,21
17,24,23
18,0,22
18,1,5
18,2,24
18,3,11
18,4,1
18,5,4
18,6,13
18,7,7
18,8,21
18,9,14
18,10,16
18,11,20
18,12,8
18,13,17
18,14,6
18,15,19
18,16,23
18,17,9
18,18,3
18,19,15
18,20,25
18,21,12
18,22,18
18,23,2
18,24,10
19,0,8
19,1,21
19,2,6
19,3,14
19,4,23
19,5,11
19,6,25
19,7,16
19,8,10
19,9,12
19,10,18
19,11,3
19,12,19
19,13,22
19,14,13
19,15,24
19,16,7
19,17,1
19,18,17
19,19,2
19,20,15
19,21,20
19,22,4
19,23,9
19,24,5
20,0,1
20,1,16
20,2,11
20,3,6
20,4,4
20,5,8
20,6,12
20,7,20
20,8,3
20,9,23
20,10,13
20,11,15
20,12,22
20,13,5
20,14,24
20,15,2
20,16,25
20,17,17
20,18,9
20,19,19
20,20,7
20,21,10
20,22,21
20,23,14
20,24,18
21,0,25
21,1,19
21,2,17
21,3,18
21,4,5
21,5,7
21,6,4
21,7,22
21,8,1
21,9,21
21,10,11
21,11,6
21,12,10
21,13,2
21,14,16
21,15,13
21,16,3
21,17,20
21,18,14
21,19,8
21,20,24
21,21,15
21,22,23
21,23,12
21,24,9
22,0,24
22,1,2
22,2,21
22,3,15
22,4,22
22,5,13
22,6,19
22,7,17
22,8,16
22,9,5
22,10,8
22,11,9
22,12,25
22,13,18
22,14,14
22,15,10
22,16,12
22,17,23
22,18,11
22,19,7
22,20,20
22,21,6
22,22,1
22,23,3
22,24,4
23,0,13
23,1,23
23,2,14
23,3,7
23,4,10
23,5,2
23,6,9
23,7,6
23,8,18
23,9,25
23,10,12
23,11,17
23,12,20
23,13,21
23,14,3
23,15,5
23,16,1
23,17,4
23,18,15
23,19,24
23,20,8
23,21,16
23,22,11
23,23,19
23,24,22
24,0,12
24,1,8
24,2,3
24,3,20
24,4,9
24,5,15
24,6,10
24,7,11
24,8,14
24,9,24
24,10,19
24,11,1
24,12,7
24,13,4
24,14,23
24,15,22
24,16,18
24,17,16
24,18,21
24,19,6
24,20,2
24,21,13
24,22,25
24,23,5
24,24,17
