0,0,11
0,1,4
0,2,16
0,3,6
0,4,10
0,5,1
0,6,7
0,7,19
0,8,21
0,9,8
0,10,2
0,11,18
0,12,5
0,13,23
0,14,17
0,15,14
0,16,20
0,17,9
0,18,15
0,19,25
0,20,3
0,21,12
0,22,22
0,23,24
0,24,13
1,0,15
1,1,2
1,2,24
1,3,1
1,4,23
1,5,18
1,6,13
1,7,9
1,8,5
1,9,11
1,10,3
1,11,8
1,12,4
1,13,14
1,14,6
1,15,22
1,16,21
1,17,19
1,18,10
1,19,12
1,20,7
1,21,20
1,22,17
1,23,16
1,24,25
2,0,18
2,1,9
2,2,19
2,3,25
2,4,20
2,5,10
2,6,22
2,7,6
2,8,14
2,9,17
2,10,24
2,11,16
2,12,15
2,13,12
2,14,21
2,15,13
2,16,11
2,17,7
2,18,3
2,19,2
2,20,23
2,21,4
2,22,5
2,23,8
2,24,1
3,0,13
3,1,14
3,2,17
3,3,7
3,4,12
3,5,23
3,6,20
3,7,4
3,8,3
3,9,2
3,10,1
3,11,25
3,12,10
3,13,9
3,14,22
3,15,16
3,16,24
3,17,18
3,18,5
3,19,8
3,20,19
3,21,15
3,22,21
3,23,11
3,24,6
4,0,5
4,1,3
4,2,22
4,3,21
4,4,8
4,5,15
4,6,12
4,7,16
4,8,24
4,9,25
4,10,7
4,11,11
4,12,19
4,13,20
4,14,13
4,15,4
4,16,17
4,17,6
4,18,23
4,19,1
4,20,18
4,21,2
4,22,14
4,23,10
4,24,9
5,0,20
5,1,25
5,2,21
5,3,16
5,4,6
5,5,24
5,6,17
5,7,10
5,8,18
5,9,1
5,10,4
5,11,13
5,12,23
5,13,2
5,14,8
5,15,19
5,16,9
5,17,22
5,18,11
5,19,15
5,20,12
5,21,5
5,22,3
5,23,14
5,24,7
6,0,17
6,1,12
6,2,23
6,3,14
6,4,24
6,5,8
6,6,25
6,7,7
6,8,4
6,9,22
6,10,15
6,11,3
6,12,16
6,13,6
6,14,18
6,15,10
6,16,5
6,17,20
6,18,1
6,19,21
6,20,2
6,21,13
6,22,11
6,23,9
6,24,19
7,0,19
7,1,15
7,2,7
7,3,9
7,4,18
7,5,14
7,6,2
7,7,3
7,8,12
7,9,13
7,10,5
7,11,22
7,12,11
7,13,10
7,14,20
7,15,25
7,16,8
7,17,16
7,18,17
7,19,6
7,20,1
7,21,23
7,22,4
7,23,21
7,24,24
8,0,22
8,1,5
8,2,3
8,3,2
8,4,1
8,5,11
8,6,15
8,7,21
8,8,23
8,9,6
8,10,9
8,11,17
8,12,14
8,13,19
8,14,25
8,15,7
8,16,13
8,17,12
8,18,24
8,19,4
8,20,8
8,21,16
8,22,10
8,23,20
8,24,18
9,0,10
9,1,11
9,2,8
9,3,4
9,4,13
9,5,5
9,6,16
9,7,20
9,8,19
9,9,9
9,10,12
9,11,1
9,12,21
9,13,24
9,14,7
9,15,3
9,16,2
9,17,23
9,18,18
9,19,14
9,20,17
9,21,6
9,22,25
9,23,22
9,24,15
10,0,21
10,1,24
10,2,25
10,3,19
10,4,4
10,5,22
10,6,18
10,7,15
10,8,9
10,9,14
10,10,23
10,11,7
10,12,6
10,13,3
10,14,2
10,15,17
10,16,1
10,17,11
10,18,20
10,19,5
10,20,13
10,21,10
10,22,8
10,23,12
10,24,16
11,0,23
11,1,18
11,2,11
11,3,20
11,4,17
11,5,13
11,6,5
11,7,24
11,8,25
11,9,7
11,10,14
11,11,10
11,12,8
11,13,22
11,14,9
11,15,15
11,16,4
11,17,2
11,18,12
11,19,16
11,20,6
11,21,1
11,22,19
11,23,3
11,24,21
12,0,14
12,1,1
12,2,9
12,3,10
12,4,15
12,5,17
12,6,4
12,7,11
12,8,8
12,9,20
12,10,13
12,11,12
12,12,24
12,13,16
12,14,19
12,15,23
12,16,25
12,17,21
12,18,6
12,19,3
12,20,22
12,21,18
12,22,2
12,23,7
12,24,5
13,0,8
13,1,7
13,2,12
13,3,5
13,4,16
13,5,6
13,6,3
13,7,2
13,8,10
13,9,23
13,10,20
13,11,21
13,12,1
13,13,25
13,14,4
13,15,18
13,16,19
13,17,24
13,18,13
13,19,22
13,20,14
13,21,11
13,22,9
13,23,15
13,24,17
14,0,3
14,1,22
14,2,6
14,3,13
14,4,2
14,5,19
14,6,21
14,7,1
14,8,16
14,9,12
14,10,17
14,11,15
14,12,18
14,13,5
14,14,11
14,15,9
14,16,14
14,17,10
14,18,8
14,19,7
14,20,24
14,21,25
14,22,20
14,23,23
14,24,4
15,0,2
15,1,16
15,2,15
15,3,22
15,4,11
15,5,4
15,6,9
15,7,8
15,8,7
15,9,21
15,10,10
15,11,6
15,12,3
15,13,13
15,14,23
15,15,5
15,16,12
15,17,14
15,18,19
15,19,17
15,20,25
15,21,24
15,22,18
15,23,1
15,24,20
16,0,24
16,1,6
16,2,5
16,3,8
16,4,21
16,5,16
16,6,23
16,7,14
16,8,11
16,9,15
16,10,25
16,11,19
16,12,12
16,13,18
16,14,1
16,15,2
16,16,10
16,17,4
16,18,22
16,19,20
16,20,9
16,21,17
16,22,7
16,23,13
16,24,3
17,0,7
17,1,20
17,2,18
17,3,23
17,4,9
17,5,3
17,6,19
17,7,12
17,8,22
17,9,5
17,10,21
17,11,24
17,12,2
17,13,17
17,14,16
17,15,1
17,16,6
17,17,8
17,18,25
17,19,13
17,20,11
17,21,14
17,22,15
17,23,4
17,24,10
18,0,4
18,1,13
18,2,1
18,3,12
18,4,3
18,5,25
18,6,6
18,7,18
18,8,17
18,9,10
18,10,8
18,11,14
18,12,20
18,13,11
18,14,5
18,15,24
18,16,7
18,17,15
18,18,9
18,19,23
18,20,21
18,21,19
18,22,16
18,23,2
18,24,22
19,0,25
19,1,19
19,2,10
19,3,17
19,4,14
19,5,20
19,6,1
19,7,13
19,8,2
19,9,24
19,10,22
19,11,9
19,12,7
19,13,4
19,14,15
19,15,11
19,16,16
19,17,3
19,18,21
19,19,18
19,20,5
19,21,8
19,22,23
19,23,6
19,24,12
20,0,12
20,1,21
20,2,13
20,3,15
20,4,22
20,5,2
20,6,10
20,7,23
20,8,20
20,9,16
20,10,18
20,11,5
20,12,9
20,13,8
20,14,24
20,15,6
20,16,3
20,17,17
20,18,14
20,19,19
20,20,4
20,21,7
20,22,1
20,23,25
20,24,11
21,0,1
21,1,23
21,2,4
21,3,18
21,4,25
21,5,7
21,6,11
21,7,5
21,8,6
21,9,3
21,10,16
21,11,20
21,12,17
21,13,21
21,14,14
21,15,12
21,16,22
21,17,13
21,18,2
21,19,10
21,20,15
21,21,9
21,22,24
21,23,19
21,24,8
22,0,16
22,1,17
22,2,14
22,3,3
22,4,7
22,5,12
22,6,24
22,7,22
22,8,13
22,9,19
22,10,11
22,11,23
22,12,25
22,13,1
22,14,10
22,15,8
22,16,15
22,17,5
22,18,4
22,19,9
22,20,20
22,21,21
22,22,6
22,23,18
22,24,2
23,0,6
23,1,8
23,2,20
23,3,11
23,4,5
23,5,9
23,6,14
23,7,25
23,8,15
23,9,4
23,10,19
23,11,2
23,12,22
23,13,7
23,14,12
23,15,21
23,16,18
23,17,1
23,18,16
23,19,24
23,20,10
23,21,3
23,22,13
23,23,17
23,24,23
24,0,9
24,1,10
24,2,2
24,3,24
24,4,19
24,5,21
24,6,8
24,7,17
24,8,1
24,9,18
24,10,6
24,11,4
24,12,13
24,13,15
24,14,3
24,15,20
24,16,23
24,17,25
24,18,7
24,19,11
24,20,16
24,21,22
24,22,12
24,23,5
24,24,14
