0,0,3
0,1,2
0,2,4
0,3,14
0,4,17
0,5,19
0,6,13
0,7,15
0,8,10
0,9,22
0,10,23
0,11,20
0,12,5
0,13,8
0,14,7
0,15,18
0,16,24
0,17,12
0,18,6
0,19,16
0,20,1
0,21,9
0,22,25
0,23,11
0,24,21
1,0,7
1,1,1
1,2,15
1,3,22
1,4,6
1,5,8
1,6,14
1,7,12
1,8,17
1,9,9
1,10,19
1,11,25
1,12,18
1,13,11
1,14,21
1,15,10
1,16,2
1,17,13
1,18,3
1,19,4
1,20,23
1,21,24
1,22,5
1,23,16
1,24,20
2,0,20
2,1,13
2,2,11
2,3,21
2,4,23
2,5,18
2,6,5
2,7,25
2,8,7
2,9,16
2,10,4
2,11,2
2,12,17
2,13,14
2,14,24
2,15,22
2,16,9
2,17,8
2,18,15
2,19,1
2,20,10
2,21,3
2,22,12
2,23,19
2,24,6
3,0,12
3,1,18
3,2,19
3,3,16
3,4,25
3,5,24
3,6,1
3,7,4
3,8,23
3,9,3
3,10,10
3,11,6
3,12,15
3,13,9
3,14,22
3,15,21
3,16,20
3,17,5
3,18,11
3,19,14
3,20,8
3,21,2
3,22,13
3,23,17
3,24,7
4,0,10
4,1,24
4,2,5
4,3,9
4,4,8
4,5,11
4,6,21
4,7,20
4,8,6
4,9,2
4,10,3
4,11,13
4,12,16
4,13,1
4,14,12
4,15,7
4,16,19
4,17,25
4,18,17
4,19,23
4,20,4
4,21,18
4,22,14
4,23,22
4,24,15
5,0,9
5,1,22
5,2,16
5,3,10
5,4,20
5,5,15
5,6,17
5,7,6
5,8,25
5,9,7
5,10,5
5,11,18
5,12,19
5,13,24
5,14,2
5,15,3
5,16,23
5,17,21
5,18,4
5,19,13
5,20,11
5,21,12
5,22,8
5,23,1
5,24,14
6,0,5
6,1,17
6,2,6
6,3,4
6,4,11
6,5,20
6,6,3
6,7,19
6,8,2
6,9,23
6,10,25
6,11,10
6,12,1
6,13,22
6,14,14
6,15,15
6,16,16
6,17,9
6,18,8
6,19,12
6,20,13
6,21,7
6,22,21
6,23,18
6,24,24
7,0,18
7,1,12
7,2,23
7,3,24
7,4,7
7,5,16
7,6,10
7,7,11
7,8,9
7,9,1
7,10,20
7,11,3
7,12,8
7,13,21
7,14,13
7,15,5
7,16,22
7,17,19
7,18,14
7,19,17
7,20,2
7,21,4
7,22,15
7,23,6
7,24,25
8,0,14
8,1,25
8,2,2
8,3,3
8,4,19
8,5,21
8,6,12
8,7,18
8,8,8
8,9,13
8,10,17
8,11,4
8,12,9
8,13,7
8,14,15
8,15,1
8,16,11
8,17,6
8,18,10
8,19,24
8,20,20
8,21,22
8,22,16
8,23,23
8,24,5
9,0,15
9,1,21
9,2,8
9,3,1
9,4,13
9,5,5
9,6,4
9,7,22
9,8,14
9,9,24
9,10,12
9,11,11
9,12,6
9,13,16
9,14,23
9,15,20
9,16,18
9,17,2
9,18,25
9,19,7
9,20,19
9,21,10
9,22,3
9,23,9
9,24,17
10,0,4
10,1,10
10,2,18
10,3,20
10,4,24
10,5,12
10,6,2
10,7,23
10,8,5
10,9,6
10,10,21
10,11,22
10,12,14
10,13,19
10,14,8
10,15,25
10,16,1
10,17,17
10,18,16
10,19,11
10,20,7
10,21,15
10,22,9
10,23,3
10,24,13
11,0,21
11,1,23
11,2,17
11,3,12
11,4,16
11,5,25
11,6,20
11,7,3
11,8,22
11,9,8
11,10,9
11,11,24
11,12,10
11,13,13
11,14,1
11,15,19
11,16,15
11,17,7
11,18,2
11,19,18
11,20,6
11,21,14
11,22,4
11,23,5
11,24,11
12,0,19
12,1,15
12,2,25
12,3,6
12,4,1
12,5,9
12,6,7
12,7,16
12,8,11
12,9,21
12,10,2
12,11,12
12,12,4
12,13,3
12,14,5
12,15,8
12,16,13
12,17,14
12,18,22
12,19,20
12,20,17
12,21,23
12,22,10
12,23,24
12,24,18
13,0,8
13,1,14
13,2,9
13,3,13
13,4,3
13,5,1
13,6,24
13,7,17
13,8,15
13,9,10
13,10,18
13,11,7
13,12,11
13,13,25
13,14,16
13,15,6
13,16,4
13,17,23
13,18,21
13,19,5
13,20,12
13,21,20
13,22,22
13,23,2
13,24,19
14,0,22
14,1,5
14,2,7
14,3,11
14,4,2
14,5,4
14,6,18
14,7,13
14,8,19
14,9,14
14,10,6
14,11,15
14,12,23
14,13,20
14,14,17
14,15,24
14,16,12
14,17,10
14,18,9
14,19,3
14,20,25
14,21,8
14,22,1
14,23,21
14,24,16
15,0,6
15,1,19
15,2,3
15,3,7
15,4,9
15,5,2
15,6,23
15,7,14
15,8,20
15,9,17
15,10,11
15,11,21
15,12,13
15,13,18
15,14,25
15,15,4
15,16,8
15,17,1
15,18,5
15,19,22
15,20,15
15,21,16
15,22,24
15,23,12
15,24,10
16,0,25
16,1,16
16,2,24
16,3,15
16,4,21
16,5,7
16,6,6
16,7,5
16,8,4
16,9,19
16,10,22
16,11,1
16,12,20
16,13,23
16,14,10
16,15,13
16,16,17
16,17,3
16,18,12
16,19,9
16,20,18
16,21,11
16,22,2
16,23,14
16,24,8
17,0,13
17,1,11
17,2,10
17,3,17
17,4,18
17,5,22
17,6,15
17,7,8
17,8,16
17,9,12
17,10,14
17,11,9
17,12,2
17,13,5
17,14,6
17,15,23
17,16,21
17,17,24
17,18,20
17,19,19
17,20,3
17,21,1
17,22,7
17,23,25
17,24,4
18,0,23
18,1,4
18,2,20
18,3,2
18,4,14
18,5,10
18,6,9
18,7,21
18,8,1
18,9,18
18,10,15
18,11,8
18,12,24
18,13,12
18,14,3
18,15,11
18,16,6
18,17,16
18,18,7
18,19,25
18,20,5
18,21,17
18,22,19
18,23,13
18,24,22
19,0,1
19,1,8
19,2,22
19,3,5
19,4,12
19,5,3
19,6,11
19,7,24
19,8,13
19,9,25
19,10,16
19,11,19
19,12,7
19,13,17
19,14,4
19,15,2
19,16,14
19,17,15
19,18,18
19,19,10
19,20,9
19,21,21
19,22,6
19,23,20
19,24,23
20,0,24
20,1,3
20,2,1
20,3,18
20,4,10
20,5,13
20,6,16
20,7,2
20,8,12
20,9,4
20,10,7
20,11,17
20,12,21
20,13,15
20,14,19
20,15,14
20,16,25
20,17,11
20,18,23
20,19,6
20,20,22
20,21,5
20,22,20
20,23,8
20,24,9
21,0,16
21,1,6
21,2,14
21,3,8
21,4,22
21,5,23
21,6,25
21,7,7
21,8,3
21,9,11
21,10,13
21,11,5
21,12,12
21,13,2
21,14,9
21,15,17
21,16,10
21,17,20
21,18,24
21,19,15
21,20,21
21,21,19
21,22,18
21,23,4
21,24,1
22,0,11
22,1,20
22,2,21
22,3,25
22,4,5
22,5,17
22,6,19
22,7,1
22,8,24
22,9,15
22,10,8
22,11,14
22,12,3
22,13,4
22,14,18
22,15,9
22,16,7
22,17,22
22,18,13
22,19,2
22,20,16
22,21,6
22,22,23
22,23,10
22,24,12
23,0,17
23,1,9
23,2,13
23,3,23
23,4,15
23,5,14
23,6,8
23,7,10
23,8,18
23,9,5
23,10,1
23,11,16
23,12,22
23,13,6
23,14,20
23,15,12
23,16,3
23,17,4
23,18,19
23,19,21
23,20,24
23,21,25
23,22,11
23,23,7
23,24,2
24,0,2
24,1,7
24,2,12
24,3,19
24,4,4
24,5,6
24,6,22
24,7,9
24,8,21
24,9,20
24,10,24
24,11,23
24,12,25
24,13,10
24,14,11
24,15,16
24,16,5
24,17,18
24,18,1
24,19,8
24,20,14
24,21,13
24,22,17
24,23,15
24,24,3
