0,0,19
0,1,17
0,2,12
0,3,24
0,4,18
0,5,5
0,6,22
0,7,9
0,8,6
0,9,7
0,10,20
0,11,10
0,12,25
0,13,2
0,14,3
0,15,16
0,16,8
0,17,21
0,18,14
0,19,4
0,20,23
0,21,13
0,22,11
0,23,1
0,24,15
1,0,22
1,1,2
1,2,8
1,3,14
1,4,25
1,5,1
1,6,24
1,7,20
1,8,15
1,9,23
1,10,4
1,11,21
1,12,5
1,13,6
1,14,11
1,15,12
1,16,3
1,17,17
1,18,13
1,19,10
1,20,19
1,21,18
1,22,7
1,23,9
1,24,16
2,0,13
2,1,21
2,2,9
2,3,10
2,4,5
2,5,12
2,6,11
2,7,8
2,8,2
2,9,19
2,10,17
2,11,24
2,12,23
2,13,16
2,14,7
2,15,1
2,16,6
2,17,18
2,18,15
2,19,22
2,20,20
2,21,3
2,22,4
2,23,14
2,24,25
3,0,1
3,1,11
3,2,4
3,3,7
3,4,16
3,5,3
3,6,17
3,7,18
3,8,13
3,9,25
3,10,14
3,11,9
3,12,15
3,13,19
3,14,22
3,15,24
3,16,2
3,17,5
3,18,20
3,19,23
3,20,6
3,21,12
3,22,10
3,23,8
3,24,21
4,0,23
4,1,6
4,2,15
4,3,3
4,4,20
4,5,21
4,6,14
4,7,10
4,8,4
4,9,16
4,10,8
4,11,18
4,12,12
4,13,13
4,14,1
4,15,19
4,16,25
4,17,7
4,18,11
4,19,9
4,20,17
4,21,22
4,22,2
4,23,24
4,24,5
5,0,3
5,1,25
5,2,6
5,3,13
5,4,15
5,5,9
5,6,16
5,7,22
5,8,10
5,9,8
5,10,12
5,11,20
5,12,19
5,13,4
5,14,5
5,15,2
5,16,14
5,17,11
5,18,23
5,19,17
5,20,1
5,21,21
5,22,18
5,23,7
5,24,24
6,0,12
6,1,4
6,2,23
6,3,18
6,4,22
6,5,24
6,6,5
6,7,14
6,8,19
6,9,1
6,10,10
6,11,13
6,12,21
6,13,11
6,14,25
6,15,20
6,16,15
6,17,3
6,18,9
6,19,7
6,20,2
6,21,6
6,22,17
6,23,16
6,24,8
7,0,7
7,1,16
7,2,14
7,3,19
7,4,8
7,5,2
7,6,21
7,7,23
7,8,20
7,9,11
7,10,9
7,11,17
7,12,6
7,13,24
7,14,15
7,15,25
7,16,4
7,17,1
7,18,22
7,19,18
7,20,12
7,21,5
7,22,3
7,23,13
7,24,10
8,0,17
8,1,10
8,2,20
8,3,11
8,4,21
8,5,7
8,6,18
8,7,6
8,8,3
8,9,13
8,10,1
8,11,2
8,12,8
8,13,23
8,14,14
8,15,5
8,16,12
8,17,19
8,18,24
8,19,16
8,20,9
8,21,4
8,22,15
8,23,25
8,24,22
9,0,24
9,1,5
9,2,1
9,3,9
9,4,2
9,5,17
9,6,15
9,7,25
9,8,12
9,9,4
9,10,22
9,11,16
9,12,7
9,13,3
9,14,18
9,15,8
9,16,10
9,17,13
9,18,21
9,19,6
9,20,14
9,21,11
9,22,23
9,23,20
9,24,19
10,0,14
10,1,1
10,2,21
10,3,20
10,4,3
10,5,4
10,6,9
10,7,19
10,8,8
10,9,17
10,10,2
10,11,25
10,12,10
10,13,18
10,14,24
10,15,13
10,16,5
10,17,15
10,18,12
10,19,11
10,20,7
10,21,23
10,22,16
10,23,22
10,24,6
11,0,4
11,1,19
11,2,7
11,3,16
11,4,12
11,5,22
11,6,20
11,7,15
11,8,23
11,9,18
11,10,6
11,11,5
11,12,11
11,13,21
11,14,13
11,15,9
11,16,1
11,17,24
11,18,25
11,19,3
11,20,10
11,21,14
11,22,8
11,23,2
11,24,17
12,0,6
12,1,8
12,2,22
12,3,5
12,4,10
12,5,13
12,6,1
12,7,16
12,8,7
12,9,2
12,10,15
12,11,12
12,12,17
12,13,14
12,14,9
12,15,18
12,16,19
12,17,23
12,18,4
12,19,20
12,20,21
12,21,25
12,22,24
12,23,3
12,24,11
13,0,2
13,1,9
13,2,24
13,3,15
13,4,11
13,5,25
13,6,10
13,7,5
13,8,14
13,9,6
13,10,3
13,11,23
13,12,1
13,13,7
13,14,4
13,15,17
13,16,16
13,17,22
13,18,8
13,19,21
13,20,13
13,21,19
13,22,20
13,23,18
13,24,12
14,0,25
14,1,13
14,2,18
14,3,17
14,4,23
14,5,11
14,6,3
14,7,21
14,8,24
14,9,12
14,10,19
14,11,8
14,12,20
14,13,22
14,14,16
14,15,14
14,16,7
14,17,10
14,18,6
14,19,2
14,20,4
14,21,15
14,22,1
14,23,5
14,24,9
15,0,16
15,1,22
15,2,25
15,3,4
15,4,19
15,5,8
15,6,23
15,7,7
15,8,1
15,9,9
15,10,13
15,11,15
15,12,18
15,13,20
15,14,2
15,15,6
15,16,11
15,17,12
15,18,5
15,19,24
15,20,3
15,21,10
15,22,21
15,23,17
15,24,14
16,0,15
16,1,20
16,2,5
16,3,8
16,4,14
16,5,10
16,6,25
16,7,17
16,8,11
16,9,22
16,10,7
16,11,19
16,12,9
16,13,1
16,14,21
16,15,23
16,16,18
16,17,2
16,18,3
16,19,13
16,20,24
16,21,16
16,22,12
16,23,6
16,24,4
17,0,21
17,1,3
17,2,10
17,3,1
17,4,24
17,5,15
17,6,6
17,7,13
17,8,16
17,9,20
17,10,25
17,11,11
17,12,4
17,13,12
17,14,8
17,15,22
17,16,17
17,17,14
17,18,7
17,19,19
17,20,18
17,21,9
17,22,5
17,23,23
17,24,2
18,0,18
18,1,12
18,2,11
18,3,6
18,4,13
18,5,14
18,6,4
18,7,2
18,8,21
18,9,5
18,10,24
18,11,3
18,12,16
18,13,17
18,14,23
18,15,10
18,16,9
18,17,20
18,18,1
18,19,15
18,20,22
18,21,8
18,22,25
18,23,19
18,24,7
19,0,9
19,1,23
19,2,17
19,3,2
19,4,7
19,5,19
19,6,12
19,7,24
19,8,18
19,9,3
19,10,5
19,11,22
19,12,14
19,13,10
19,14,6
19,15,4
19,16,21
19,17,8
19,18,16
19,19,25
19,20,11
19,21,20
19,22,13
19,23,15
19,24,1
20,0,5
20,1,24
20,2,3
20,3,22
20,4,6
20,5,16
20,6,13
20,7,12
20,8,17
20,9,21
20,10,23
20,11,1
20,12,2
20,13,8
20,14,10
20,15,11
20,16,20
20,17,25
20,18,19
20,19,14
20,20,15
20,21,7
20,22,9
20,23,4
20,24,18
21,0,10
21,1,14
21,2,2
21,3,21
21,4,1
21,5,20
21,6,8
21,7,11
21,8,22
21,9,15
21,10,18
21,11,4
21,12,3
21,13,9
21,14,19
21,15,7
21,16,23
21,17,16
21,18,17
21,19,5
21,20,25
21,21,24
21,22,6
21,23,12
21,24,13
22,0,11
22,1,18
22,2,16
22,3,12
22,4,4
22,5,6
22,6,19
22,7,3
22,8,25
22,9,24
22,10,21
22,11,7
22,12,13
22,13,5
22,14,20
22,15,15
22,16,22
22,17,9
22,18,2
22,19,1
22,20,8
22,21,17
22,22,14
22,23,10
22,24,23
23,0,8
23,1,7
23,2,19
23,3,25
23,4,9
23,5,23
23,6,2
23,7,4
23,8,5
23,9,10
23,10,11
23,11,14
23,12,24
23,13,15
23,14,17
23,15,3
23,16,13
23,17,6
23,18,18
23,19,12
23,20,16
23,21,1
23,22,22
23,23,21
23,24,20
24,0,20
24,1,15
24,2,13
24,3,23
24,4,17
24,5,18
24,6,7
24,7,1
24,8,9
24,9,14
24,10,16
24,11,6
24,12,22
24,13,25
24,14,12
24,15,21
24,16,24
24,17,4
24,18,10
24,19,8
24,20,5
24,21,2
24,22,19
24,23,11
24,24,3
