0,0,13
0,1,24
0,2,9
0,3,14
0,4,23
0,5,7
0,6,16
0,7,2
0,8,25
0,9,10
0,10,18
0,11,19
0,12,1
0,13,17
0,14,3
0,15,12
0,16,21
0,17,4
0,18,6
0,19,5
0,20,15
0,21,20
0,22,8
0,23,11
0,24,22
1,0,7
1,1,17
1,2,25
1,3,21
1,4,20
1,5,22
1,6,8
1,7,19
1,8,11
1,9,14
1,10,5
1,11,4
1,12,2
1,13,12
1,14,10
1,15,15
1,16,9
1,17,23
1,18,16
1,19,24
1,20,3
1,21,6
1,22,18
1,23,13
1,24,1
2,0,15
2,1,5
2,2,6
2,3,18
2,4,4
2,5,1
2,6,23
2,7,24
2,8,3
2,9,17
2,10,21
2,11,13
2,12,11
2,13,20
2,14,14
2,15,22
2,16,10
2,17,19
2,18,2
2,19,8
2,20,16
2,21,12
2,22,7
2,23,9
2,24,25
3,0,16
3,1,11
3,2,12
3,3,1
3,4,19
3,5,6
3,6,4
3,7,15
3,8,18
3,9,21
3,10,9
3,11,22
3,12,8
3,13,23
3,14,25
3,15,3
3,16,20
3,17,14
3,18,13
3,19,7
3,20,5
3,21,24
3,22,17
3,23,10
3,24,2
4,0,22
4,1,3
4,2,10
4,3,2
4,4,8
4,5,9
4,6,13
4,7,5
4,8,20
4,9,12
4,10,16
4,11,15
4,12,24
4,13,7
4,14,6
4,15,1
4,16,18
4,17,25
4,18,17
4,19,11
4,20,21
4,21,14
4,22,23
4,23,4
4,24,19
5,0,1
5,1,8
5,2,7
5,3,5
5,4,12
5,5,3
5,6,9
5,7,25
5,8,14
5,9,16
5,10,17
5,11,20
5,12,23
5,13,19
5,14,13
5,15,4
5,16,2
5,17,10
5,18,15
5,19,18
5,20,22
5,21,21
5,22,11
5,23,6
5,24,24
6,0,19
6,1,9
6,2,17
6,3,20
6,4,2
6,5,24
6,6,22
6,7,18
6,8,5
6,9,7
6,10,25
6,11,10
6,12,3
6,13,15
6,14,12
6,15,21
6,16,23
6,17,6
6,18,11
6,19,13
6,20,4
6,21,1
6,22,16
6,23,14
6,24,8
7,0,18
7,1,25
7,2,4
7,3,15
7,4,10
7,5,11
7,6,21
7,7,17
7,8,23
7,9,20
7,10,22
7,11,8
7,12,6
7,13,24
7,14,16
7,15,9
7,16,7
7,17,3
7,18,14
7,19,1
7,20,13
7,21,19
7,22,5
7,23,2
7,24,12
8,0,23
8,1,14
8,2,11
8,3,16
8,4,3
8,5,13
8,6,19
8,7,4
8,8,1
8,9,6
8,10,2
8,11,7
8,12,9
8,13,21
8,14,5
8,15,8
8,16,12
8,17,24
8,18,25
8,19,22
8,20,17
8,21,18
8,22,15
8,23,20
8,24,10
9,0,24
9,1,22
9,2,21
9,3,13
9,4,6
9,5,2
9,6,15
9,7,10
9,8,12
9,9,8
9,10,1
9,11,18
9,12,14
9,13,4
9,14,11
9,15,16
9,16,5
9,17,20
9,18,19
9,19,17
9,20,7
9,21,23
9,22,25
9,23,3
9,24,9
10,0,10
10,1,23
10,2,3
10,3,4
10,4,18
10,5,17
10,6,1
10,7,22
10,8,16
10,9,15
10,10,12
10,11,6
10,12,19
10,13,11
10,14,20
10,15,7
10,16,8
10,17,9
10,18,24
10,19,14
10,20,25
10,21,13
10,22,2
10,23,21
10,24,5
11,0,2
11,1,12
11,2,19
11,3,11
11,4,17
11,5,21
11,6,7
11,7,8
11,8,24
11,9,25
11,10,15
11,11,5
11,12,22
11,13,14
11,14,4
11,15,23
11,16,13
11,17,1
11,18,18
11,19,10
11,20,9
11,21,3
11,22,20
11,23,16
11,24,6
12,0,14
12,1,16
12,2,1
12,3,22
12,4,21
12,5,19
12,6,20
12,7,9
12,8,13
12,9,2
12,10,23
12,11,25
12,12,10
12,13,18
12,14,8
12,15,17
12,16,4
12,17,5
12,18,3
12,19,6
12,20,11
12,21,7
12,22,24
12,23,12
12,24,15
13,0,25
13,1,20
13,2,13
13,3,7
13,4,24
13,5,12
13,6,5
13,7,11
13,8,6
13,9,23
13,10,3
13,11,9
13,12,17
13,13,16
13,14,1
13,15,19
13,16,15
13,17,21
13,18,22
13,19,2
13,20,8
13,21,10
13,22,14
13,23,18
13,24,4
14,0,8
14,1,6
14,2,15
14,3,9
14,4,5
14,5,4
14,6,18
14,7,14
14,8,10
14,9,3
14,10,7
14,11,24
14,12,21
14,13,13
14,14,2
14,15,25
14,16,16
14,17,11
14,18,20
14,19,12
14,20,19
14,21,17
14,22,22
14,23,1
14,24,23
15,0,6
15,1,21
15,2,18
15,3,25
15,4,13
15,5,15
15,6,10
15,7,20
15,8,7
15,9,9
15,10,4
15,11,14
15,12,12
15,13,3
15,14,24
15,15,11
15,16,22
15,17,8
15,18,5
15,19,23
15,20,1
15,21,2
15,22,19
15,23,17
15,24,16
16,0,4
16,1,10
16,2,23
16,3,24
16,4,16
16,5,25
16,6,17
16,7,12
16,8,8
16,9,22
16,10,11
16,11,1
16,12,7
16,13,2
16,14,19
16,15,14
16,16,3
16,17,13
16,18,9
16,19,21
16,20,20
16,21,5
16,22,6
16,23,15
16,24,18
17,0,11
17,1,7
17,2,14
17,3,8
17,4,9
17,5,23
17,6,24
17,7,13
17,8,2
17,9,4
17,10,20
17,11,17
17,12,18
17,13,5
17,14,15
17,15,10
17,16,6
17,17,16
17,18,1
17,19,19
17,20,12
17,21,22
17,22,21
17,23,25
17,24,3
18,0,3
18,1,15
18,2,5
18,3,19
18,4,1
18,5,18
18,6,14
18,7,6
18,8,21
18,9,11
18,10,8
18,11,16
18,12,25
18,13,22
18,14,9
18,15,2
18,16,17
18,17,7
18,18,12
18,19,20
18,20,23
18,21,4
18,22,10
18,23,24
18,24,13
19,0,17
19,1,2
19,2,20
19,3,12
19,4,22
19,5,16
19,6,3
19,7,1
19,8,19
19,9,5
19,10,10
19,11,21
19,12,13
19,13,6
19,14,23
19,15,18
19,16,24
19,17,15
19,18,4
19,19,25
19,20,14
19,21,8
19,22,9
19,23,7
19,24,11
20,0,5
20,1,1
20,2,2
20,3,10
20,4,7
20,5,20
20,6,11
20,7,3
20,8,15
20,9,18
20,10,6
20,11,23
20,12,16
20,13,25
20,14,21
20,15,13
20,16,14
20,17,22
20,18,8
20,19,4
20,20,24
20,21,9
20,22,12
20,23,19
20,24,17
21,0,21
21,1,13
21,2,22
21,3,6
21,4,11
21,5,8
21,6,12
21,7,16
21,8,17
21,9,19
21,10,24
21,11,3
21,12,20
21,13,1
21,14,7
21,15,5
21,16,25
21,17,2
21,18,10
21,19,9
21,20,18
21,21,15
21,22,4
21,23,23
21,24,14
22,0,9
22,1,4
22,2,24
22,3,23
22,4,14
22,5,10
22,6,25
22,7,21
22,8,22
22,9,1
22,10,13
22,11,12
22,12,15
22,13,8
22,14,18
22,15,6
22,16,19
22,17,17
22,18,7
22,19,16
22,20,2
22,21,11
22,22,3
22,23,5
22,24,20
23,0,20
23,1,18
23,2,16
23,3,17
23,4,15
23,5,14
23,6,6
23,7,7
23,8,4
23,9,13
23,10,19
23,11,2
23,12,5
23,13,9
23,14,22
23,15,24
23,16,11
23,17,12
23,18,23
23,19,3
23,20,10
23,21,25
23,22,1
23,23,8
23,24,21
24,0,12
24,1,19
24,2,8
24,3,3
24,4,25
24,5,5
24,6,2
24,7,23
24,8,9
24,9,24
24,10,14
24,11,11
24,12,4
24,13,10
24,14,17
24,15,20
24,16,1
24,17,18
24,18,21
24,19,15
24,20,6
24,21,16
24,22,13
24,23,22
24,24,7
