0,0,7
0,1,25
0,2,14
0,3,24
0,4,1
0,5,16
0,6,17
0,7,23
0,8,11
0,9,4
0,10,13
0,11,22
0,12,20
0,13,10
0,14,2
0,15,8
0,16,3
0,17,5
0,18,21
0,19,9
0,20,15
0,21,12
0,22,6
0,23,18
0,24,19
1,0,15
1,1,21
1,2,23
1,3,17
1,4,2
1,5,3
1,6,20
1,7,9
1,8,14
1,9,5
1,10,24
1,11,4
1,12,25
1,13,6
1,14,12
1,15,16
1,16,19
1,17,1
1,18,7
1,19,18
1,20,10
1,21,22
1,22,8
1,23,13
1,24,11
2,0,6
2,1,4
2,2,9
2,3,20
2,4,8
2,5,22
2,6,13
2,7,15
2,8,18
2,9,7
2,10,19
2,11,11
2,12,16
2,13,1
2,14,5
2,15,10
2,16,17
2,17,12
2,18,24
2,19,14
2,20,23
2,21,25
2,22,21
2,23,2
2,24,3
3,0,12
3,1,11
3,2,3
3,3,10
3,4,16
3,5,8
3,6,1
3,7,6
3,8,25
3,9,19
3,10,21
3,11,23
3,12,18
3,13,17
3,14,7
3,15,22
3,16,13
3,17,2
3,18,20
3,19,15
3,20,4
3,21,14
3,22,9
3,23,24
3,24,5
4,0,13
4,1,19
4,2,18
4,3,5
4,4,22
4,5,2
4,6,21
4,7,24
4,8,12
4,9,10
4,10,14
4,11,15
4,12,8
4,13,3
4,14,9
4,15,23
4,16,6
4,17,4
4,18,25
4,19,11
4,20,17
4,21,7
4,22,16
4,23,20
4,24,1
5,0,20
5,1,5
5,2,7
5,3,21
5,4,18
5,5,6
5,6,15
5,7,19
5,8,8
5,9,17
5,10,12
5,11,25
5,12,2
5,13,4
5,14,3
5,15,13
5,16,9
5,17,10
5,18,22
5,19,24
5,20,14
5,21,1
5,22,11
5,23,23
5,24,16
6,0,8
6,1,3
6,2,13
6,3,22
6,4,10
6,5,5
6,6,2
6,7,11
6,8,4
6,9,14
6,10,6
6,11,16
6,12,21
6,13,19
6,14,15
6,15,1
6,16,25
6,17,17
6,18,23
6,19,7
6,20,20
6,21,9
6,22,18
6,23,12
6,24,24
7,0,11
7,1,1
7,2,25
7,3,23
7,4,24
7,5,12
7,6,18
7,7,7
7,8,3
7,9,21
7,10,17
7,11,9
7,12,5
7,13,20
7,14,22
7,15,14
7,16,2
7,17,16
7,18,4
7,19,6
7,20,8
7,21,19
7,22,10
7,23,15
7,24,13
8,0,4
8,1,17
8,2,16
8,3,14
8,4,15
8,5,10
8,6,9
8,7,22
8,8,24
8,9,13
8,10,1
8,11,18
8,12,11
8,13,7
8,14,23
8,15,5
8,16,8
8,17,19
8,18,12
8,19,20
8,20,25
8,21,2
8,22,3
8,23,6
8,24,21
9,0,2
9,1,6
9,2,19
9,3,12
9,4,9
9,5,1
9,6,23
9,7,25
9,8,20
9,9,16
9,10,8
9,11,10
9,12,24
9,13,13
9,14,14
9,15,18
9,16,15
9,17,21
9,18,11
9,19,3
9,20,7
9,21,4
9,22,17
9,23,5
9,24,22
10,0,19
10,1,23
10,2,5
10,3,15
10,4,21
10,5,11
10,6,4
10,7,8
10,8,10
10,9,12
10,10,20
10,11,14
10,12,9
10,13,18
10,14,24
10,15,25
10,16,16
10,17,3
10,18,1
10,19,2
10,20,13
10,21,6
10,22,22
10,23,7
10,24,17
11,0,24
11,1,18
11,2,1
11,3,25
11,4,4
11,5,7
11,6,14
11,7,21
11,8,22
11,9,15
11,10,23
11,11,5
11,12,13
11,13,2
11,14,16
11,15,12
11,16,10
11,17,9
11,18,6
11,19,17
11,20,19
11,21,3
11,22,20
11,23,11
11,24,8
12,0,17
12,1,8
12,2,12
12,3,13
12,4,3
12,5,25
12,6,19
12,7,2
12,8,9
12,9,18
12,10,22
12,11,7
12,12,6
12,13,15
12,14,1
12,15,20
12,16,5
12,17,11
12,18,14
12,19,23
12,20,24
12,21,16
12,22,4
12,23,21
12,24,10
13,0,16
13,1,22
13,2,11
13,3,7
13,4,14
13,5,20
13,6,3
13,7,17
13,8,6
13,9,23
13,10,10
13,11,8
13,12,19
13,13,12
13,14,21
13,15,4
13,16,24
13,17,18
13,18,15
13,19,13
13,20,2
13,21,5
13,22,25
13,23,1
13,24,9
14,0,10
14,1,9
14,2,6
14,3,2
14,4,20
14,5,13
14,6,16
14,7,5
14,8,1
14,9,24
14,10,25
14,11,3
14,12,4
14,13,11
14,14,17
14,15,7
14,16,21
14,17,8
14,18,19
14,19,22
14,20,12
14,21,15
14,22,23
14,23,14
14,24,18
15,0,5
15,1,15
15,2,10
15,3,11
15,4,13
15,5,18
15,6,12
15,7,20
15,8,17
15,9,8
15,10,16
15,11,2
15,12,1
15,13,21
15,14,6
15,15,3
15,16,23
15,17,14
15,18,9
15,19,4
15,20,22
15,21,24
15,22,19
15,23,25
15,24,7
16,0,25
16,1,2
16,2,21
16,3,18
16,4,7
16,5,15
16,6,24
16,7,3
16,8,19
16,9,1
16,10,4
16,11,17
16,12,14
16,13,8
16,14,13
16,15,11
16,16,22
16,17,6
16,18,16
16,19,10
16,20,5
16,21,23
16,22,12
16,23,9
16,24,20
17,0,1
17,1,16
17,2,22
17,3,3
17,4,17
17,5,4
17,6,6
17,7,14
17,8,5
17,9,25
17,10,18
17,11,12
17,12,23
17,13,9
17,14,19
17,15,24
17,16,7
17,17,20
17,18,2
17,19,8
17,20,11
17,21,21
17,22,13
17,23,10
17,24,15
18,0,9
18,1,14
18,2,24
18,3,6
18,4,19
18,5,23
18,6,11
18,7,10
18,8,16
18,9,2
18,10,15
18,11,20
18,12,7
18,13,22
18,14,25
18,15,17
18,16,12
18,17,13
18,18,5
18,19,21
18,20,3
18,21,18
18,22,1
18,23,8
18,24,4
19,0,23
19,1,20
19,2,4
19,3,8
19,4,12
19,5,9
19,6,7
19,7,13
19,8,21
19,9,22
19,10,3
19,11,24
19,12,10
19,13,5
19,14,11
19,15,15
19,16,1
19,17,25
19,18,18
19,19,19
19,20,6
19,21,17
19,22,2
19,23,16
19,24,14
20,0,18
20,1,24
20,2,8
20,3,19
20,4,6
20,5,21
20,6,10
20,7,12
20,8,7
20,9,11
20,10,9
20,11,1
20,12,3
20,13,23
20,14,20
20,15,2
20,16,4
20,17,15
20,18,17
20,19,5
20,20,16
20,21,13
20,22,14
20,23,22
20,24,25
21,0,14
21,1,13
21,2,17
21,3,4
21,4,5
21,5,19
21,6,25
21,7,18
21,8,2
21,9,9
21,10,7
21,11,21
21,12,12
21,13,24
21,14,10
21,15,6
21,16,20
21,17,22
21,18,8
21,19,16
21,20,1
21,21,11
21,22,15
21,23,3
21,24,23
22,0,21
22,1,12
22,2,15
22,3,16
22,4,23
22,5,14
22,6,5
22,7,4
22,8,13
22,9,20
22,10,11
22,11,6
22,12,22
22,13,25
22,14,8
22,15,19
22,16,18
22,17,7
22,18,3
22,19,1
22,20,9
22,21,10
22,22,24
22,23,17
22,24,2
23,0,22
23,1,10
23,2,2
23,3,1
23,4,25
23,5,24
23,6,8
23,7,16
23,8,15
23,9,3
23,10,5
23,11,19
23,12,17
23,13,14
23,14,18
23,15,9
23,16,11
23,17,23
23,18,13
23,19,12
23,20,21
23,21,20
23,22,7
23,23,4
23,24,6
24,0,3
24,1,7
24,2,20
24,3,9
24,4,11
24,5,17
24,6,22
24,7,1
24,8,23
24,9,6
24,10,2
24,11,13
24,12,15
24,13,16
24,14,4
24,15,21
24,16,14
24,17,24
24,18,10
24,19,25
24,20,18
24,21,8
24,22,5
24,23,19
24,24,12
