0,0,22
0,1,23
0,2,16
0,3,17
0,4,1
0,5,18
0,6,2
0,7,20
0,8,7
0,9,25
0,10,14
0,11,13
0,12,12
0,13,15
0,14,21
0,15,10
0,16,3
0,17,4
0,18,11
0,19,9
0,20,8
0,21,24
0,22,19
0,23,6
0,24,5
1,0,12
1,1,19
1,2,5
1,3,15
1,4,6
1,5,1
1,6,8
1,7,10
1,8,9
1,9,3
1,10,22
1,11,25
1,12,24
1,13,11
1,14,7
1,15,2
1,16,21
1,17,14
1,18,23
1,19,20
1,20,18
1,21,4
1,22,16
1,23,13
1,24,17
2,0,4
2,1,13
2,2,11
2,3,10
2,4,20
2,5,21
2,6,17
2,7,22
2,8,5
2,9,16
2,10,6
2,11,2
2,12,9
2,13,8
2,14,3
2,15,24
2,16,19
2,17,18
2,18,25
2,19,15
2,20,23
2,21,7
2,22,12
2,23,14
2,24,1
3,0,7
3,1,21
3,2,3
3,3,25
3,4,8
3,5,14
3,6,15
3,7,24
3,8,4
3,9,23
3,10,18
3,11,19
3,12,17
3,13,1
3,14,10
3,15,12
3,16,5
3,17,16
3,18,6
3,19,13
3,20,20
3,21,2
3,22,11
3,23,22
3,24,9
4,0,24
4,1,2
4,2,18
4,3,9
4,4,14
4,5,19
4,6,6
4,7,11
4,8,12
4,9,13
4,10,5
4,11,16
4,12,20
4,13,4
4,14,23
4,15,8
4,16,22
4,17,7
4,18,1
4,19,17
4,20,25
4,21,10
4,22,3
4,23,15
4,24,21
5,0,15
5,1,9
5,2,12
5,3,6
5,4,11
5,5,10
5,6,18
5,7,13
5,8,8
5,9,19
5,10,16
5,11,14
5,12,5
5,13,20
5,14,24
5,15,7
5,16,25
5,17,2
5,18,21
5,19,4
5,20,1
5,21,22
5,22,17
5,23,3
5,24,23
6,0,21
6,1,18
6,2,7
6,3,23
6,4,22
6,5,4
6,6,1
6,7,15
6,8,11
6,9,14
6,10,19
6,11,10
6,12,2
6,13,25
6,14,17
6,15,20
6,16,6
6,17,8
6,18,3
6,19,12
6,20,9
6,21,5
6,22,24
6,23,16
6,24,13
7,0,2
7,1,4
7,2,20
7,3,16
7,4,24
7,5,5
7,6,25
7,7,7
7,8,23
7,9,12
7,10,3
7,11,18
7,12,11
7,13,22
7,14,9
7,15,13
7,16,14
7,17,15
7,18,17
7,19,1
7,20,21
7,21,8
7,22,6
7,23,19
7,24,10
8,0,19
8,1,1
8,2,8
8,3,13
8,4,5
8,5,6
8,6,3
8,7,9
8,8,21
8,9,17
8,10,7
8,11,15
8,12,23
8,13,12
8,14,4
8,15,16
8,16,24
8,17,10
8,18,22
8,19,18
8,20,14
8,21,20
8,22,25
8,23,2
8,24,11
9,0,17
9,1,25
9,2,10
9,3,14
9,4,3
9,5,24
9,6,20
9,7,16
9,8,2
9,9,22
9,10,21
9,11,1
9,12,6
9,13,13
9,14,8
9,15,23
9,16,9
9,17,11
9,18,19
9,19,5
9,20,4
9,21,12
9,22,15
9,23,7
9,24,18
10,0,5
10,1,11
10,2,22
10,3,8
10,4,10
10,5,25
10,6,16
10,7,4
10,8,6
10,9,2
10,10,9
10,11,21
10,12,18
10,13,23
10,14,13
10,15,15
10,16,17
10,17,12
10,18,14
10,19,3
10,20,19
10,21,1
10,22,7
10,23,20
10,24,24
11,0,23
11,1,6
11,2,15
11,3,3
11,4,25
11,5,20
11,6,9
11,7,18
11,8,14
11,9,21
11,10,4
11,11,7
11,12,19
11,13,16
11,14,12
11,15,1
11,16,2
11,17,5
11,18,24
11,19,10
11,20,17
11,21,13
11,22,22
11,23,11
11,24,8
12,0,16
12,1,20
12,2,21
12,3,18
12,4,19
12,5,7
12,6,23
12,7,17
12,8,24
12,9,10
12,10,1
12,11,3
12,12,14
12,13,5
12,14,11
12,15,4
12,16,8
12,17,13
12,18,9
12,19,22
12,20,15
12,21,6
12,22,2
12,23,12
12,24,25
13,0,13
13,1,14
13,2,24
13,3,2
13,4,12
13,5,3
13,6,22
13,7,1
13,8,19
13,9,11
13,10,15
13,11,8
13,12,25
13,13,17
13,14,20
13,15,18
13,16,16
13,17,23
13,18,7
13,19,6
13,20,10
13,21,9
13,22,21
13,23,5
13,24,4
14,0,1
14,1,7
14,2,17
14,3,4
14,4,9
14,5,15
14,6,5
14,7,12
14,8,13
14,9,8
14,10,10
14,11,24
14,12,22
14,13,2
14,14,6
14,15,19
14,16,11
14,17,21
14,18,20
14,19,25
14,20,3
14,21,16
14,22,23
14,23,18
14,24,14
15,0,25
15,1,5
15,2,19
15,3,21
15,4,7
15,5,23
15,6,12
15,7,8
15,8,3
15,9,18
15,10,20
15,11,4
15,12,1
15,13,14
15,14,2
15,15,17
15,16,10
15,17,22
15,18,16
15,19,11
15,20,24
15,21,15
15,22,13
15,23,9
15,24,6
16,0,6
16,1,17
16,2,9
16,3,12
16,4,13
16,5,2
16,6,4
16,7,25
16,8,16
16,9,15
16,10,24
16,11,22
16,12,21
16,13,19
16,14,5
16,15,14
16,16,23
16,17,3
16,18,18
16,19,8
16,20,7
16,21,11
16,22,1
16,23,10
16,24,20
17,0,10
17,1,16
17,2,23
17,3,1
17,4,15
17,5,11
17,6,14
17,7,5
17,8,22
17,9,6
17,10,13
17,11,17
17,12,8
17,13,9
17,14,18
17,15,21
17,16,7
17,17,20
17,18,12
17,19,24
17,20,2
17,21,3
17,22,4
17,23,25
17,24,19
18,0,11
18,1,24
18,2,14
18,3,22
18,4,18
18,5,13
18,6,7
18,7,19
18,8,20
18,9,1
18,10,23
18,11,6
18,12,3
18,13,10
18,14,25
18,15,5
18,16,4
18,17,9
18,18,15
18,19,2
18,20,12
18,21,21
18,22,8
18,23,17
18,24,16
19,0,3
19,1,8
19,2,2
19,3,20
19,4,4
19,5,9
19,6,10
19,7,21
19,8,17
19,9,24
19,10,11
19,11,12
19,12,16
19,13,7
19,14,15
19,15,25
19,16,1
19,17,6
19,18,13
19,19,19
19,20,5
19,21,14
19,22,18
19,23,23
19,24,22
20,0,18
20,1,3
20,2,1
20,3,5
20,4,2
20,5,12
20,6,21
20,7,23
20,8,10
20,9,20
20,10,17
20,11,11
20,12,15
20,13,24
20,14,22
20,15,9
20,16,13
20,17,25
20,18,4
20,19,16
20,20,6
20,21,19
20,22,14
20,23,8
20,24,7
21,0,20
21,1,15
21,2,4
21,3,19
21,4,16
21,5,8
21,6,24
21,7,6
21,8,25
21,9,7
21,10,2
21,11,9
21,12,13
21,13,3
21,14,14
21,15,22
21,16,18
21,17,1
21,18,5
21,19,23
21,20,11
21,21,17
21,22,10
21,23,21
21,24,12
22,0,14
22,1,22
22,2,6
22,3,7
22,4,23
22,5,17
22,6,19
22,7,3
22,8,1
22,9,9
22,10,8
22,11,20
22,12,10
22,13,18
22,14,16
22,15,11
22,16,12
22,17,24
22,18,2
22,19,21
22,20,13
22,21,25
22,22,5
22,23,4
22,24,15
23,0,9
23,1,10
23,2,25
23,3,11
23,4,17
23,5,16
23,6,13
23,7,2
23,8,18
23,9,4
23,10,12
23,11,5
23,12,7
23,13,21
23,14,1
23,15,6
23,16,15
23,17,19
23,18,8
23,19,14
23,20,22
23,21,23
23,22,20
23,23,24
23,24,3
24,0,8
24,1,12
24,2,13
24,3,24
24,4,21
24,5,22
24,6,11
24,7,14
24,8,15
24,9,5
24,10,25
24,11,23
24,12,4
24,13,6
24,14,19
24,15,3
24,16,20
24,17,17
24,18,10
24,19,7
24,20,16
24,21,18
24,22,9
24,23,1
24,24,2
