0,0,2
0,1,13
0,2,23
0,3,15
0,4,5
0,5,3
0,6,4
0,7,12
0,8,22
0,9,10
0,10,18
0,11,8
0,12,11
0,13,19
0,14,7
0,15,20
0,16,17
0,17,1
0,18,21
0,19,25
0,20,24
0,21,9
0,22,14
0,23,16
0,24,6
1,0,14
1,1,8
1,2,20
1,3,6
1,4,21
1,5,23
1,6,13
1,7,16
1,8,17
1,9,25
1,10,3
1,11,1
1,12,10
1,13,24
1,14,15
1,15,9
1,16,2
1,17,7
1,18,11
1,19,22
1,20,5
1,21,12
1,22,4
1,23,18
1,24,19
2,0,3
2,1,1
2,2,10
2,3,19
2,4,12
2,5,24
2,6,5
2,7,11
2,8,18
2,9,20
2,10,21
2,11,14
2,12,22
2,13,9
2,14,17
2,15,16
2,16,13
2,17,23
2,18,4
2,19,6
2,20,2
2,21,25
2,22,15
2,23,8
2,24,7
3,0,22
3,1,4
3,2,18
3,3,16
3,4,24
3,5,14
3,6,9
3,7,8
3,8,6
3,9,7
3,10,13
3,11,23
3,12,12
3,13,2
3,14,25
3,15,10
3,16,15
3,17,3
3,18,19
3,19,5
3,20,21
3,21,17
3,22,11
3,23,1
3,24,20
4,0,25
4,1,7
4,2,17
4,3,9
4,4,11
4,5,21
4,6,2
4,7,19
4,8,1
4,9,15
4,10,4
4,11,16
4,12,6
4,13,5
4,14,20
4,15,24
4,16,18
4,17,14
4,18,8
4,19,12
4,20,3
4,21,22
4,22,23
4,23,13
4,24,10
5,0,7
5,1,25
5,2,3
5,3,11
5,4,6
5,5,1
5,6,17
5,7,21
5,8,9
5,9,18
5,10,15
5,11,12
5,12,13
5,13,22
5,14,2
5,15,14
5,16,4
5,17,5
5,18,23
5,19,20
5,20,19
5,21,10
5,22,16
5,23,24
5,24,8
6,0,20
6,1,22
6,2,24
6,3,13
6,4,19
6,5,11
6,6,10
6,7,14
6,8,15
6,9,4
6,10,25
6,11,7
6,12,16
6,13,18
6,14,9
6,15,21
6,16,8
6,17,2
6,18,3
6,19,1
6,20,12
6,21,6
6,22,17
6,23,5
6,24,23
7,0,12
7,1,15
7,2,1
7,3,8
7,4,9
7,5,16
7,6,23
7,7,7
7,8,20
7,9,5
7,10,14
7,11,19
7,12,21
7,13,11
7,14,10
7,15,6
7,16,24
7,17,13
7,18,22
7,19,17
7,20,18
7,21,2
7,22,25
7,23,3
7,24,4
8,0,16
8,1,5
8,2,4
8,3,23
8,4,14
8,5,22
8,6,19
8,7,25
8,8,24
8,9,2
8,10,1
8,11,6
8,12,3
8,13,17
8,14,8
8,15,12
8,16,7
8,17,15
8,18,10
8,19,18
8,20,20
8,21,21
8,22,13
8,23,11
8,24,9
9,0,21
9,1,10
9,2,2
9,3,17
9,4,18
9,5,13
9,6,12
9,7,6
9,8,8
9,9,3
9,10,20
9,11,4
9,12,24
9,13,23
9,14,5
9,15,25
9,16,11
9,17,9
9,18,16
9,19,19
9,20,22
9,21,7
9,22,1
9,23,14
9,24,15
10,0,6
10,1,24
10,2,8
10,3,5
10,4,13
10,5,19
10,6,16
10,7,20
10,8,10
10,9,12
10,10,9
10,11,3
10,12,14
10,13,21
10,14,22
10,15,4
10,16,23
10,17,25
10,18,18
10,19,15
10,20,17
10,21,11
10,22,2
10,23,7
10,24,1
11,0,23
11,1,3
11,2,16
11,3,20
11,4,15
11,5,9
11,6,24
11,7,22
11,8,7
11,9,8
11,10,11
11,11,2
11,12,25
11,13,1
11,14,4
11,15,13
11,16,5
11,17,17
11,18,12
11,19,10
11,20,6
11,21,19
11,22,18
11,23,21
11,24,14
12,0,4
12,1,17
12,2,7
12,3,25
12,4,1
12,5,6
12,6,3
12,7,23
12,8,2
12,9,21
12,10,5
12,11,10
12,12,18
12,13,8
12,14,19
12,15,22
12,16,14
12,17,11
12,18,20
12,19,16
12,20,13
12,21,24
12,22,9
12,23,15
12,24,12
13,0,11
13,1,19
13,2,9
13,3,14
13,4,22
13,5,15
13,6,18
13,7,17
13,8,5
13,9,1
13,10,23
13,11,13
13,12,20
13,13,12
13,14,24
13,15,8
13,16,6
13,17,21
13,18,2
13,19,7
13,20,4
13,21,16
13,22,3
13,23,10
13,24,25
14,0,18
14,1,12
14,2,21
14,3,2
14,4,10
14,5,4
14,6,25
14,7,13
14,8,14
14,9,11
14,10,7
14,11,17
14,12,15
14,13,6
14,14,16
14,15,1
14,16,9
14,17,19
14,18,24
14,19,3
14,20,8
14,21,20
14,22,22
14,23,23
14,24,5
15,0,10
15,1,9
15,2,6
15,3,1
15,4,4
15,5,20
15,6,22
15,7,18
15,8,11
15,9,13
15,10,16
15,11,21
15,12,17
15,13,15
15,14,14
15,15,7
15,16,19
15,17,8
15,18,25
15,19,2
15,20,23
15,21,5
15,22,24
15,23,12
15,24,3
16,0,24
16,1,14
16,2,5
16,3,3
16,4,20
16,5,8
16,6,7
16,7,4
16,8,12
16,9,19
16,10,2
16,11,9
16,12,23
16,13,10
16,14,13
16,15,17
16,16,16
16,17,22
16,18,6
16,19,11
16,20,15
16,21,1
16,22,21
16,23,25
16,24,18
17,0,17
17,1,23
17,2,13
17,3,12
17,4,8
17,5,2
17,6,21
17,7,3
17,8,25
17,9,9
17,10,6
17,11,22
17,12,7
17,13,4
17,14,1
17,15,15
17,16,10
17,17,18
17,18,5
17,19,24
17,20,16
17,21,14
17,22,20
17,23,19
17,24,11
18,0,15
18,1,2
18,2,11
18,3,21
18,4,25
18,5,5
18,6,14
18,7,1
18,8,16
18,9,17
18,10,19
18,11,24
18,12,8
18,13,3
18,14,18
18,15,23
18,16,20
18,17,12
18,18,13
18,19,9
18,20,10
18,21,4
18,22,7
18,23,6
18,24,22
19,0,19
19,1,18
19,2,22
19,3,7
19,4,16
19,5,10
19,6,15
19,7,24
19,8,23
19,9,6
19,10,12
19,11,25
19,12,5
19,13,20
19,14,11
19,15,3
19,16,1
19,17,4
19,18,14
19,19,21
19,20,9
19,21,13
19,22,8
19,23,2
19,24,17
20,0,1
20,1,6
20,2,12
20,3,24
20,4,2
20,5,17
20,6,11
20,7,5
20,8,3
20,9,16
20,10,22
20,11,18
20,12,4
20,13,14
20,14,23
20,15,19
20,16,21
20,17,20
20,18,7
20,19,8
20,20,25
20,21,15
20,22,10
20,23,9
20,24,13
21,0,8
21,1,21
21,2,14
21,3,10
21,4,7
21,5,12
21,6,6
21,7,9
21,8,4
21,9,23
21,10,24
21,11,20
21,12,19
21,13,25
21,14,3
21,15,11
21,16,22
21,17,16
21,18,15
21,19,13
21,20,1
21,21,18
21,22,5
21,23,17
21,24,2
22,0,13
22,1,16
22,2,15
22,3,4
22,4,23
22,5,25
22,6,20
22,7,2
22,8,19
22,9,24
22,10,17
22,11,5
22,12,1
22,13,7
22,14,6
22,15,18
22,16,3
22,17,10
22,18,9
22,19,14
22,20,11
22,21,8
22,22,12
22,23,22
22,24,21
23,0,9
23,1,20
23,2,19
23,3,18
23,4,17
23,5,7
23,6,8
23,7,15
23,8,21
23,9,22
23,10,10
23,11,11
23,12,2
23,13,13
23,14,12
23,15,5
23,16,25
23,17,24
23,18,1
23,19,23
23,20,14
23,21,3
23,22,6
23,23,4
23,24,16
24,0,5
24,1,11
24,2,25
24,3,22
24,4,3
24,5,18
24,6,1
24,7,10
24,8,13
24,9,14
24,10,8
24,11,15
24,12,9
24,13,16
24,14,21
24,15,2
24,16,12
24,17,6
24,18,17
24,19,4
24,20,7
24,21,23
24,22,19
24,23,20
24,24,24
