0,0,5
0,1,12
0,2,7
0,3,22
0,4,9
0,5,21
0,6,24
0,7,14
0,8,4
0,9,8
0,10,11
0,11,19
0,12,25
0,13,3
0,14,17
0,15,20
0,16,6
0,17,23
0,18,18
0,19,10
0,20,1
0,21,16
0,22,15
0,23,2
0,24,13
1,0,6
1,1,8
1,2,4
1,3,25
1,4,2
1,5,19
1,6,15
1,7,9
1,8,18
1,9,1
1,10,7
1,11,10
1,12,14
1,13,16
1,14,23
1,15,22
1,16,12
1,17,21
1,18,24
1,19,13
1,20,20
1,21,11
1,22,17
1,23,3
1,24,5
2,0,13
2,1,10
2,2,23
2,3,17
2,4,18
2,5,6
2,6,11
2,7,22
2,8,3
2,9,12
2,10,9
2,11,2
2,12,4
2,13,20
2,14,15
2,15,1
2,16,7
2,17,5
2,18,16
2,19,19
2,20,24
2,21,25
2,22,21
2,23,14
2,24,8
3,0,14
3,1,15
3,2,21
3,3,3
3,4,1
3,5,13
3,6,16
3,7,17
3,8,20
3,9,5
3,10,6
3,11,18
3,12,22
3,13,24
3,14,12
3,15,11
3,16,25
3,17,2
3,18,8
3,19,4
3,20,23
3,21,9
3,22,19
3,23,10
3,24,7
4,0,19
4,1,11
4,2,24
4,3,20
4,4,16
4,5,2
4,6,10
4,7,25
4,8,7
4,9,23
4,10,5
4,11,13
4,12,1
4,13,8
4,14,21
4,15,3
4,16,9
4,17,15
4,18,14
4,19,17
4,20,4
4,21,22
4,22,12
4,23,6
4,24,18
5,0,18
5,1,3
5,2,17
5,3,19
5,4,15
5,5,24
5,6,25
5,7,4
5,8,14
5,9,20
5,10,21
5,11,6
5,12,13
5,13,22
5,14,16
5,15,23
5,16,11
5,17,12
5,18,10
5,19,2
5,20,8
5,21,5
5,22,9
5,23,7
5,24,1
6,0,4
6,1,21
6,2,2
6,3,12
6,4,7
6,5,1
6,6,3
6,7,10
6,8,5
6,9,13
6,10,8
6,11,11
6,12,19
6,13,23
6,14,24
6,15,18
6,16,15
6,17,22
6,18,9
6,19,14
6,20,25
6,21,17
6,22,16
6,23,20
6,24,6
7,0,25
7,1,14
7,2,1
7,3,9
7,4,10
7,5,15
7,6,21
7,7,16
7,8,23
7,9,6
7,10,12
7,11,20
7,12,2
7,13,4
7,14,5
7,15,13
7,16,17
7,17,8
7,18,19
7,19,7
7,20,22
7,21,3
7,22,18
7,23,24
7,24,11
8,0,23
8,1,24
8,2,16
8,3,13
8,4,22
8,5,11
8,6,9
8,7,19
8,8,8
8,9,18
8,10,17
8,11,15
8,12,10
8,13,7
8,14,1
8,15,5
8,16,3
8,17,25
8,18,20
8,19,6
8,20,12
8,21,21
8,22,2
8,23,4
8,24,14
9,0,8
9,1,20
9,2,5
9,3,11
9,4,6
9,5,22
9,6,7
9,7,12
9,8,17
9,9,2
9,10,14
9,11,25
9,12,9
9,13,18
9,14,3
9,15,4
9,16,1
9,17,24
9,18,21
9,19,16
9,20,19
9,21,15
9,22,10
9,23,13
9,24,23
10,0,2
10,1,1
10,2,9
10,3,24
10,4,4
10,5,18
10,6,20
10,7,6
10,8,12
10,9,19
10,10,22
10,11,17
10,12,15
10,13,10
10,14,25
10,15,7
10,16,8
10,17,16
10,18,5
10,19,21
10,20,14
10,21,23
10,22,13
10,23,11
10,24,3
11,0,11
11,1,5
11,2,6
11,3,15
11,4,23
11,5,9
11,6,22
11,7,7
11,8,13
11,9,16
11,10,4
11,11,21
11,12,18
11,13,1
11,14,2
11,15,10
11,16,14
11,17,3
11,18,12
11,19,24
11,20,17
11,21,20
11,22,25
11,23,8
11,24,19
12,0,20
12,1,7
12,2,22
12,3,8
12,4,3
12,5,10
12,6,14
12,7,5
12,8,25
12,9,11
12,10,13
12,11,16
12,12,23
12,13,6
12,14,19
12,15,15
12,16,18
12,17,17
12,18,4
12,19,9
12,20,2
12,21,12
12,22,24
12,23,1
12,24,21
13,0,21
13,1,19
13,2,18
13,3,16
13,4,14
13,5,3
13,6,17
13,7,24
13,8,1
13,9,15
13,10,20
13,11,9
13,12,8
13,13,12
13,14,7
13,15,2
13,16,23
13,17,13
13,18,11
13,19,25
13,20,6
13,21,4
13,22,22
13,23,5
13,24,10
14,0,17
14,1,25
14,2,13
14,3,10
14,4,12
14,5,8
14,6,4
14,7,23
14,8,2
14,9,21
14,10,3
14,11,24
14,12,5
14,13,14
14,14,11
14,15,19
14,16,22
14,17,20
14,18,6
14,19,1
14,20,9
14,21,18
14,22,7
14,23,16
14,24,15
15,0,12
15,1,2
15,2,14
15,3,21
15,4,13
15,5,16
15,6,23
15,7,15
15,8,9
15,9,17
15,10,18
15,11,8
15,12,7
15,13,19
15,14,10
15,15,25
15,16,24
15,17,1
15,18,3
15,19,11
15,20,5
15,21,6
15,22,4
15,23,22
15,24,20
16,0,24
16,1,18
16,2,11
16,3,7
16,4,20
16,5,12
16,6,1
16,7,3
16,8,10
16,9,4
16,10,23
16,11,5
16,12,21
16,13,15
16,14,9
16,15,16
16,16,19
16,17,6
16,18,22
16,19,8
16,20,13
16,21,2
16,22,14
16,23,25
16,24,17
17,0,9
17,1,4
17,2,3
17,3,6
17,4,5
17,5,7
17,6,2
17,7,8
17,8,21
17,9,25
17,10,24
17,11,22
17,12,20
17,13,17
17,14,13
17,15,12
17,16,10
17,17,14
17,18,15
17,19,23
17,20,11
17,21,19
17,22,1
17,23,18
17,24,16
18,0,10
18,1,16
18,2,19
18,3,23
18,4,25
18,5,20
18,6,13
18,7,18
18,8,6
18,9,22
18,10,1
18,11,12
18,12,3
18,13,11
18,14,14
18,15,17
18,16,4
18,17,9
18,18,2
18,19,5
18,20,21
18,21,7
18,22,8
18,23,15
18,24,24
19,0,15
19,1,22
19,2,8
19,3,1
19,4,17
19,5,5
19,6,19
19,7,11
19,8,24
19,9,14
19,10,2
19,11,4
19,12,16
19,13,25
19,14,6
19,15,21
19,16,13
19,17,18
19,18,7
19,19,20
19,20,3
19,21,10
19,22,23
19,23,12
19,24,9
20,0,22
20,1,23
20,2,10
20,3,18
20,4,11
20,5,25
20,6,8
20,7,2
20,8,15
20,9,24
20,10,19
20,11,1
20,12,12
20,13,13
20,14,20
20,15,9
20,16,5
20,17,7
20,18,17
20,19,3
20,20,16
20,21,14
20,22,6
20,23,21
20,24,4
21,0,7
21,1,6
21,2,12
21,3,4
21,4,21
21,5,17
21,6,5
21,7,13
21,8,11
21,9,3
21,10,25
21,11,14
21,12,24
21,13,9
21,14,18
21,15,8
21,16,16
21,17,10
21,18,23
21,19,22
21,20,15
21,21,1
21,22,20
21,23,19
21,24,2
22,0,1
22,1,17
22,2,25
22,3,5
22,4,8
22,5,4
22,6,6
22,7,20
22,8,16
22,9,7
22,10,10
22,11,23
22,12,11
22,13,2
22,14,22
22,15,14
22,16,21
22,17,19
22,18,13
22,19,15
22,20,18
22,21,24
22,22,3
22,23,9
22,24,12
23,0,3
23,1,13
23,2,15
23,3,2
23,4,24
23,5,14
23,6,18
23,7,1
23,8,19
23,9,9
23,10,16
23,11,7
23,12,17
23,13,21
23,14,4
23,15,6
23,16,20
23,17,11
23,18,25
23,19,12
23,20,10
23,21,8
23,22,5
23,23,23
23,24,22
24,0,16
24,1,9
24,2,20
24,3,14
24,4,19
24,5,23
24,6,12
24,7,21
24,8,22
24,9,10
24,10,15
24,11,3
24,12,6
24,13,5
24,14,8
24,15,24
24,16,2
24,17,4
24,18,1
24,19,18
24,20,7
24,21,13
24,22,11
24,23,17
24,24,25
