0,0,24
0,1,16
0,2,8
0,3,4
0,4,11
0,5,9
0,6,3
0,7,19
0,8,17
0,9,18
0,10,23
0,11,6
0,12,2
0,13,12
0,14,20
0,15,7
0,16,1
0,17,10
0,18,25
0,19,21
0,20,13
0,21,5
0,22,15
0,23,22
0,24,14
1,0,18
1,1,1
1,2,15
1,3,25
1,4,3
1,5,2
1,6,10
1,7,22
1,8,5
1,9,13
1,10,8
1,11,7
1,12,14
1,13,16
1,14,24
1,15,4
1,16,19
1,17,6
1,18,9
1,19,12
1,20,21
1,21,20
1,22,17
1,23,11
1,24,23
2,0,2
2,1,17
2,2,9
2,3,14
2,4,10
2,5,8
2,6,12
2,7,7
2,8,11
2,9,16
2,10,15
2,11,1
2,12,21
2,13,5
2,14,13
2,15,22
2,16,20
2,17,23
2,18,24
2,19,3
2,20,19
2,21,18
2,22,25
2,23,6
2,24,4
3,0,5
3,1,23
3,2,6
3,3,21
3,4,19
3,5,4
3,6,20
3,7,24
3,8,25
3,9,15
3,10,11
3,11,3
3,12,10
3,13,18
3,14,22
3,15,17
3,16,8
3,17,16
3,18,14
3,19,13
3,20,2
3,21,7
3,22,9
3,23,12
3,24,1
4,0,22
4,1,7
4,2,20
4,3,12
4,4,13
4,5,21
4,6,23
4,7,1
4,8,14
4,9,6
4,10,9
4,11,19
4,12,17
4,13,4
4,14,25
4,15,5
4,16,11
4,17,2
4,18,15
4,19,18
4,20,16
4,21,24
4,22,8
4,23,10
4,24,3
5,0,13
5,1,12
5,2,11
5,3,20
5,4,7
5,5,10
5,6,16
5,7,8
5,8,15
5,9,21
5,10,17
5,11,23
5,12,18
5,13,1
5,14,2
5,15,24
5,16,25
5,17,3
5,18,6
5,19,5
5,20,9
5,21,14
5,22,22
5,23,4
5,24,19
6,0,10
6,1,18
6,2,4
6,3,23
6,4,17
6,5,22
6,6,1
6,7,5
6,8,12
6,9,3
6,10,25
6,11,24
6,12,19
6,13,14
6,14,9
6,15,2
6,16,7
6,17,8
6,18,16
6,19,20
6,20,11
6,21,21
6,22,13
6,23,15
6,24,6
7,0,25
7,1,3
7,2,24
7,3,16
7,4,14
7,5,19
7,6,9
7,7,20
7,8,18
7,9,2
7,10,13
7,11,5
7,12,15
7,13,6
7,14,12
7,15,1
7,16,22
7,17,11
7,18,21
7,19,4
7,20,7
7,21,17
7,22,10
7,23,23
7,24,8
8,0,21
8,1,8
8,2,22
8,3,15
8,4,6
8,5,7
8,6,14
8,7,23
8,8,4
8,9,24
8,10,10
8,11,16
8,12,3
8,13,20
8,14,11
8,15,19
8,16,9
8,17,12
8,18,13
8,19,17
8,20,25
8,21,1
8,22,2
8,23,18
8,24,5
9,0,19
9,1,5
9,2,1
9,3,9
9,4,2
9,5,11
9,6,25
9,7,13
9,8,6
9,9,17
9,10,22
9,11,21
9,12,7
9,13,8
9,14,4
9,15,14
9,16,18
9,17,15
9,18,23
9,19,10
9,20,3
9,21,16
9,22,12
9,23,24
9,24,20
10,0,9
10,1,2
10,2,23
10,3,5
10,4,1
10,5,15
10,6,7
10,7,3
10,8,16
10,9,25
10,10,14
10,11,10
10,12,20
10,13,11
10,14,8
10,15,21
10,16,12
10,17,4
10,18,18
10,19,24
10,20,22
10,21,6
10,22,19
10,23,13
10,24,17
11,0,7
11,1,25
11,2,14
11,3,8
11,4,21
11,5,17
11,6,6
11,7,11
11,8,22
11,9,12
11,10,19
11,11,4
11,12,13
11,13,2
11,14,16
11,15,23
11,16,3
11,17,20
11,18,10
11,19,9
11,20,1
11,21,15
11,22,18
11,23,5
11,24,24
12,0,4
12,1,10
12,2,12
12,3,3
12,4,20
12,5,23
12,6,2
12,7,18
12,8,8
12,9,1
12,10,6
12,11,17
12,12,24
12,13,15
12,14,21
12,15,16
12,16,5
12,17,13
12,18,19
12,19,22
12,20,14
12,21,25
12,22,11
12,23,7
12,24,9
13,0,15
13,1,6
13,2,19
13,3,17
13,4,18
13,5,24
13,6,5
13,7,9
13,8,13
13,9,10
13,10,1
13,11,22
13,12,12
13,13,23
13,14,3
13,15,11
13,16,2
13,17,14
13,18,7
13,19,25
13,20,4
13,21,8
13,22,20
13,23,21
13,24,16
14,0,11
14,1,13
14,2,16
14,3,24
14,4,22
14,5,20
14,6,4
14,7,14
14,8,21
14,9,19
14,10,7
14,11,25
14,12,5
14,13,9
14,14,18
14,15,15
14,16,17
14,17,1
14,18,8
14,19,6
14,20,23
14,21,12
14,22,3
14,23,2
14,24,10
15,0,12
15,1,19
15,2,3
15,3,1
15,4,8
15,5,6
15,6,13
15,7,25
15,8,9
15,9,22
15,10,20
15,11,14
15,12,4
15,13,21
15,14,15
15,15,18
15,16,23
15,17,24
15,18,17
15,19,2
15,20,5
15,21,10
15,22,7
15,23,16
15,24,11
16,0,17
16,1,21
16,2,25
16,3,22
16,4,23
16,5,18
16,6,15
16,7,16
16,8,3
16,9,8
16,10,5
16,11,11
16,12,1
16,13,7
16,14,10
16,15,13
16,16,6
16,17,19
16,18,20
16,19,14
16,20,12
16,21,4
16,22,24
16,23,9
16,24,2
17,0,16
17,1,24
17,2,18
17,3,7
17,4,15
17,5,5
17,6,19
17,7,17
17,8,2
17,9,14
17,10,12
17,11,8
17,12,25
17,13,3
17,14,6
17,15,10
17,16,4
17,17,9
17,18,22
17,19,11
17,20,20
17,21,23
17,22,21
17,23,1
17,24,13
18,0,14
18,1,20
18,2,10
18,3,2
18,4,5
18,5,1
18,6,21
18,7,4
18,8,23
18,9,11
18,10,18
18,11,13
18,12,9
18,13,24
18,14,19
18,15,12
18,16,15
18,17,7
18,18,3
18,19,16
18,20,8
18,21,22
18,22,6
18,23,17
18,24,25
19,0,6
19,1,9
19,2,13
19,3,11
19,4,4
19,5,12
19,6,24
19,7,10
19,8,20
19,9,7
19,10,16
19,11,2
19,12,22
19,13,17
19,14,23
19,15,25
19,16,21
19,17,5
19,18,1
19,19,8
19,20,15
19,21,3
19,22,14
19,23,19
19,24,18
20,0,8
20,1,14
20,2,7
20,3,10
20,4,9
20,5,13
20,6,17
20,7,6
20,8,24
20,9,4
20,10,2
20,11,15
20,12,11
20,13,22
20,14,5
20,15,20
20,16,16
20,17,25
20,18,12
20,19,23
20,20,18
20,21,19
20,22,1
20,23,3
20,24,21
21,0,3
21,1,11
21,2,17
21,3,19
21,4,16
21,5,25
21,6,8
21,7,21
21,8,7
21,9,20
21,10,4
21,11,18
21,12,23
21,13,13
21,14,1
21,15,6
21,16,24
21,17,22
21,18,2
21,19,15
21,20,10
21,21,9
21,22,5
21,23,14
21,24,12
22,0,23
22,1,15
22,2,2
22,3,13
22,4,25
22,5,14
22,6,18
22,7,12
22,8,1
22,9,9
22,10,24
22,11,20
22,12,16
22,13,19
22,14,17
22,15,3
22,16,10
22,17,21
22,18,5
22,19,7
22,20,6
22,21,11
22,22,4
22,23,8
22,24,22
23,0,1
23,1,4
23,2,5
23,3,6
23,4,24
23,5,3
23,6,22
23,7,15
23,8,10
23,9,23
23,10,21
23,11,12
23,12,8
23,13,25
23,14,14
23,15,9
23,16,13
23,17,18
23,18,11
23,19,19
23,20,17
23,21,2
23,22,16
23,23,20
23,24,7
24,0,20
24,1,22
24,2,21
24,3,18
24,4,12
24,5,16
24,6,11
24,7,2
24,8,19
24,9,5
24,10,3
24,11,9
24,12,6
24,13,10
24,14,7
24,15,8
24,16,14
24,17,17
24,18,4
24,19,1
24,20,24
24,21,13
24,22,23
24,23,25
24,24,15
