0,0,18
0,1,24
0,2,11
0,3,1
0,4,21
0,5,13
0,6,22
0,7,17
0,8,6
0,9,5
0,10,15
0,11,2
0,12,8
0,13,20
0,14,19
0,15,7
0,16,4
0,17,25
0,18,9
0,19,3
0,20,10
0,21,12
0,22,14
0,23,23
0,24,16
1,0,20
1,1,22
1,2,3
1,3,13
1,4,7
1,5,2
1,6,10
1,7,11
1,8,16
1,9,12
1,10,9
1,11,14
1,12,25
1,13,1
1,14,23
1,15,6
1,16,5
1,17,17
1,18,19
1,19,24
1,20,21
1,21,8
1,22,15
1,23,18
1,24,4
2,0,25
2,1,16
2,2,14
2,3,17
2,4,10
2,5,21
2,6,3
2,7,8
2,8,9
2,9,1
2,10,22
2,11,13
2,12,6
2,13,4
2,14,12
2,15,18
2,16,2
2,17,11
2,18,15
2,19,23
2,20,19
2,21,7
2,22,20
2,23,24
2,24,5
3,0,8
3,1,23
3,2,5
3,3,15
3,4,2
3,5,4
3,6,20
3,7,7
3,8,14
3,9,19
3,10,18
3,11,11
3,12,3
3,13,24
3,14,21
3,15,22
3,16,10
3,17,16
3,18,12
3,19,1
3,20,17
3,21,6
3,22,13
3,23,25
3,24,9
4,0,9
4,1,19
4,2,4
4,3,12
4,4,6
4,5,18
4,6,24
4,7,23
4,8,25
4,9,15
4,10,5
4,11,10
4,12,17
4,13,16
4,14,7
4,15,20
4,16,21
4,17,13
4,18,14
4,19,8
4,20,3
4,21,11
4,22,2
4,23,22
4,24,1
5,0,7
5,1,15
5,2,1
5,3,11
5,4,25
5,5,20
5,6,2
5,7,6
5,8,10
5,9,24
5,10,19
5,11,9
5,12,22
5,13,5
5,14,3
5,15,12
5,16,18
5,17,23
5,18,16
5,19,17
5,20,13
5,21,21
5,22,4
5,23,14
5,24,8
6,0,10
6,1,2
6,2,16
6,3,4
6,4,19
6,5,15
6,6,11
6,7,9
6,8,13
6,9,23
6,10,21
6,11,12
6,12,24
6,13,18
6,14,17
6,15,25
6,16,14
6,17,8
6,18,20
6,19,5
6,20,1
6,21,22
6,22,6
6,23,3
6,24,7
7,0,12
7,1,18
7,2,17
7,3,8
7,4,5
7,5,3
7,6,14
7,7,4
7,8,21
7,9,16
7,10,11
7,11,23
7,12,15
7,13,6
7,14,25
7,15,13
7,16,1
7,17,22
7,18,2
7,19,7
7,20,20
7,21,24
7,22,9
7,23,19
7,24,10
8,0,21
8,1,3
8,2,24
8,3,9
8,4,13
8,5,1
8,6,8
8,7,25
8,8,22
8,9,17
8,10,10
8,11,20
8,12,16
8,13,7
8,14,14
8,15,19
8,16,11
8,17,6
8,18,4
8,19,15
8,20,2
8,21,18
8,22,23
8,23,5
8,24,12
9,0,22
9,1,6
9,2,23
9,3,20
9,4,14
9,5,7
9,6,19
9,7,5
9,8,12
9,9,18
9,10,2
9,11,4
9,12,1
9,13,13
9,14,8
9,15,10
9,16,24
9,17,9
9,18,3
9,19,21
9,20,15
9,21,25
9,22,11
9,23,16
9,24,17
10,0,15
10,1,25
10,2,20
10,3,5
10,4,3
10,5,6
10,6,21
10,7,10
10,8,4
10,9,9
10,10,12
10,11,22
10,12,11
10,13,19
10,14,13
10,15,17
10,16,16
10,17,18
10,18,7
10,19,14
10,20,23
10,21,1
10,22,24
10,23,8
10,24,2
11,0,17
11,1,21
11,2,10
11,3,14
11,4,1
11,5,24
11,6,13
11,7,15
11,8,18
11,9,7
11,10,23
11,11,8
11,12,5
11,13,3
11,14,2
11,15,9
11,16,12
11,17,4
11,18,11
11,19,6
11,20,16
11,21,19
11,22,22
11,23,20
11,24,25
12,0,11
12,1,9
12,2,8
12,3,22
12,4,16
12,5,25
12,6,12
12,7,19
12,8,20
12,9,14
12,10,1
12,11,7
12,12,21
12,13,17
12,14,24
12,15,23
12,16,3
12,17,2
12,18,13
12,19,10
12,20,4
12,21,15
12,22,5
12,23,6
12,24,18
13,0,24
13,1,4
13,2,2
13,3,19
13,4,23
13,5,17
13,6,16
13,7,22
13,8,3
13,9,11
13,10,6
13,11,18
13,12,9
13,13,25
13,14,15
13,15,1
13,16,8
13,17,21
13,18,5
13,19,20
13,20,14
13,21,10
13,22,7
13,23,12
13,24,13
14,0,6
14,1,13
14,2,12
14,3,7
14,4,18
14,5,23
14,6,5
14,7,2
14,8,1
14,9,8
14,10,14
14,11,16
14,12,20
14,13,10
14,14,4
14,15,15
14,16,22
14,17,19
14,18,24
14,19,25
14,20,11
14,21,3
14,22,17
14,23,9
14,24,21
15,0,13
15,1,12
15,2,7
15,3,25
15,4,15
15,5,19
15,6,4
15,7,21
15,8,5
15,9,6
15,10,17
15,11,3
15,12,2
15,13,22
15,14,18
15,15,16
15,16,23
15,17,14
15,18,8
15,19,9
15,20,24
15,21,20
15,22,1
15,23,10
15,24,11
16,0,3
16,1,5
16,2,6
16,3,16
16,4,4
16,5,8
16,6,7
16,7,1
16,8,17
16,9,10
16,10,24
16,11,19
16,12,23
16,13,15
16,14,20
16,15,11
16,16,25
16,17,12
16,18,22
16,19,2
16,20,18
16,21,9
16,22,21
16,23,13
16,24,14
17,0,1
17,1,8
17,2,19
17,3,2
17,4,11
17,5,14
17,6,23
17,7,24
17,8,15
17,9,20
17,10,16
17,11,25
17,12,7
17,13,9
17,14,10
17,15,21
17,16,13
17,17,3
17,18,17
17,19,18
17,20,22
17,21,5
17,22,12
17,23,4
17,24,6
18,0,14
18,1,20
18,2,18
18,3,24
18,4,17
18,5,9
18,6,25
18,7,3
18,8,11
18,9,22
18,10,4
18,11,21
18,12,13
18,13,12
18,14,1
18,15,5
18,16,7
18,17,10
18,18,6
18,19,19
18,20,8
18,21,2
18,22,16
18,23,15
18,24,23
19,0,23
19,1,10
19,2,9
19,3,21
19,4,22
19,5,12
19,6,18
19,7,16
19,8,2
19,9,13
19,10,8
19,11,6
19,12,14
19,13,11
19,14,5
19,15,24
19,16,20
19,17,15
19,18,1
19,19,4
19,20,25
19,21,17
19,22,3
19,23,7
19,24,19
20,0,19
20,1,17
20,2,25
20,3,10
20,4,20
20,5,5
20,6,15
20,7,13
20,8,23
20,9,4
20,10,7
20,11,24
20,12,12
20,13,21
20,14,16
20,15,2
20,16,6
20,17,1
20,18,18
20,19,22
20,20,9
20,21,14
20,22,8
20,23,11
20,24,3
21,0,16
21,1,1
21,2,22
21,3,6
21,4,8
21,5,10
21,6,9
21,7,18
21,8,24
21,9,3
21,10,13
21,11,15
21,12,4
21,13,2
21,14,11
21,15,14
21,16,19
21,17,5
21,18,21
21,19,12
21,20,7
21,21,23
21,22,25
21,23,17
21,24,20
22,0,4
22,1,11
22,2,15
22,3,3
22,4,9
22,5,22
22,6,1
22,7,14
22,8,19
22,9,2
22,10,20
22,11,5
22,12,10
22,13,23
22,14,6
22,15,8
22,16,17
22,17,7
22,18,25
22,19,16
22,20,12
22,21,13
22,22,18
22,23,21
22,24,24
23,0,2
23,1,7
23,2,13
23,3,23
23,4,24
23,5,16
23,6,6
23,7,12
23,8,8
23,9,21
23,10,25
23,11,17
23,12,18
23,13,14
23,14,22
23,15,3
23,16,9
23,17,20
23,18,10
23,19,11
23,20,5
23,21,4
23,22,19
23,23,1
23,24,15
24,0,5
24,1,14
24,2,21
24,3,18
24,4,12
24,5,11
24,6,17
24,7,20
24,8,7
24,9,25
24,10,3
24,11,1
24,12,19
24,13,8
24,14,9
24,15,4
24,16,15
24,17,24
24,18,23
24,19,13
24,20,6
24,21,16
24,22,10
24,23,2
24,24,22
